13960509762.960712	-280925713.967748	-63922054.830417	-186852417.764354	-4961320.410798	-125728126.744460	-2556727.216547	97166245.161671	1672350.777342	-15887232.392370	-3712148429.775055	158884.520949	3170870.871793	136835.036535	789233.902714	447334.081370	727598.781915	-10931.400898	6983581.852334	-9876628.569610	621139.929986	-631471.055714	-1324353.401095	14930.204337	34361.116836	168295.292526	8325.043964	5607.484304
-280925713.967748	19038887136.587456	-3817294753.556697	-470938012.774352	-4063076.334009	-165132436.712893	-1511303.051314	-963066.391422	-206370.571554	-3083208.898159	24513076.901163	-117077.203226	-205922.164940	-57997.294919	-51749.741629	-351375.261127	-284109.094756	-553764.289144	-1436206.238934	-19818119.830720	-2162713.841612	-966386.435067	-2251885.975890	-34891.635748	-13649.369310	-24483.550773	-8703.009885	-11439.741102
-63922054.830417	-3817294753.556697	18912832309.584682	-606202103.927241	-198720.710029	-411785959.652598	-9838008.918812	-1065985.734588	-519973.822403	-9759280.617909	-73442.657624	-293444.383210	-328088.541261	-112210.006668	-100044.998725	-1402636.125421	-367814.299327	-1177807.640400	-4391835.966961	-4926909.003569	-857976.955472	-467857.680375	-2256006.508878	-74796.272442	-19197.403653	-33281.996911	-13493.708150	-20720.204495
-186852417.764354	-470938012.774352	-606202103.927241	55298549105.878601	-1476910170.766381	-13421704.370513	-19897823.625254	-2021299.713177	-1216258.739015	-77870585.269584	-4854001.651210	-388212.904928	-506228.270281	-218578.202023	-210458.355461	-1967218.646682	-328799.099230	-648041.265197	-2714467.748154	-3324287.543231	-1348455.168079	-551617.650459	-1252118.004323	-195384.198962	-52297.087068	-88860.933921	-38120.004657	-58640.911260
-4961320.410798	-4063076.334009	-198720.710029	-1476910170.766381	81854363777.079819	-2020267.625182	-2984852.263557	-1337238.903270	-1261484.775158	-47690612.823951	-4572146.436426	-173371.637798	-268753.899076	-148194.216531	-52983.204815	-635994.417720	-120361.090881	-182165.329430	-636772.756971	-619922.054851	-323623.697061	-158717.698192	-314606.225683	-172778.276127	-56678.049999	-85320.624935	-45585.340976	-66800.253007
-125728126.744460	-165132436.712893	-411785959.652598	-13421704.370513	-2020267.625182	26976104590.431099	-12972752.424011	-878473.092900	-877460.916580	-4606960.514497	-43317534.229124	-1005632.599212	-1275140.464994	-285249.858545	-322883.764476	-3670039.591058	-4446486.042424	-24911638.804255	-56305295.667089	-479372967.042369	-17086949.249502	-6289963.079481	-254261718.661903	-117011.101859	-36519.748655	-71521.528226	-22406.662408	-31551.916327
-2556727.216547	-1511303.051314	-9838008.918812	-19897823.625254	-2984852.263557	-12972752.424011	24181761835.602673	-151960220.696606	-309918380.080974	-541712603.732373	-48246620.730659	4517752.070148	-12947867.829697	-3365142.521900	32294259.018228	-1072509123.079476	-1419682.199123	-2242154.654705	-128289992.605732	-928512.979601	-718768.431132	-288355.087532	-1726592.575723	-2457496.511770	-229670.915211	-1049164.340087	-155227.210378	-298527.030666
97166245.161671	-963066.391422	-1065985.734588	-2021299.713177	-1337238.903270	-878473.092900	-151960220.696606	22205750249.762783	-726445757.256345	-818689177.999003	-565548038.901045	-2029819.653339	-19383592.636763	-3788477.583998	112923359.005178	-10066680.584214	-487761.375100	-357190.844664	-7353922.199240	-143536.639037	388078.832644	-98457.914700	-241276.369711	-1574692.689036	-675276.738480	-6785846.702975	-339578.502185	-348761.690560
1672350.777342	-206370.571554	-519973.822403	-1216258.739015	-1261484.775158	-877460.916580	-309918380.080974	-726445757.256345	22844665231.595150	-513845590.890453	-2021138.138133	7082124.805565	38071512.255162	113310052.675365	-4019075954.635506	-76894677.200514	-515950.711685	-413979.827169	-6793356.031146	-197957.282601	-253443.266512	-90949.260780	-301899.980060	33098358.124299	-14118277.106810	215782071.753912	-1852678.808925	-4658504.612950
-15887232.392370	-3083208.898159	-9759280.617909	-77870585.269584	-47690612.823951	-4606960.514497	-541712603.732373	-818689177.999003	-513845590.890453	28283823767.093830	-69757252.122038	-1535236.806403	-2980521.671544	-3212616.254001	124162167.272695	-2144395.778892	-392777.387625	-513504.058509	-4668579.203467	-610472.649037	-408406.128275	-176934.095700	-572722.943525	-2736907.581642	-269567.589349	-4693349.287147	-300616.104689	-485998.620959
-3712148429.775055	24513076.901163	-73442.657624	-4854001.651210	-4572146.436426	-43317534.229124	-48246620.730659	-565548038.901045	-2021138.138133	-69757252.122038	21302392891.818180	-2392118.925041	-19821285.036276	-1043721.907214	-3503282.439975	-8495169.718635	-7701070.851157	-5012162.471706	-78649893.613149	-10603815.655064	-45786048.247481	-1217187.652797	-9173518.562306	-523836.769396	-328596.188849	-1121994.690525	-146001.639773	-157926.855492
158884.520949	-117077.203226	-293444.383210	-388212.904928	-173371.637798	-1005632.599212	4517752.070148	-2029819.653339	7082124.805565	-1535236.806403	-2392118.925041	24154371810.164761	-443320998.208421	-890425568.097741	-87560423.599801	-957254508.533940	-11920390.199842	-8091082.461980	-100236422.139168	-295071.936687	-380859.855301	-220354.109617	-1046124.935756	-6335544.838603	-514916.370415	18643386.373203	-190814.368456	-579766.629227
3170870.871793	-205922.164940	-328088.541261	-506228.270281	-268753.899076	-1275140.464994	-12947867.829697	-19383592.636763	38071512.255162	-2980521.671544	-19821285.036276	-443320998.208421	30545139096.817329	-1097236312.782635	-499690726.979992	-57739613.733316	-21490636.116184	-3871859.623490	-61315280.809938	-509489.297637	-1431611.263201	-514579.330466	-1345570.489943	7621201.353201	-1187113.482778	-24985830.346064	-1039719.808092	-1064953.794134
136835.036535	-57997.294919	-112210.006668	-218578.202023	-148194.216531	-285249.858545	-3365142.521900	-3788477.583998	113310052.675365	-3212616.254001	-1043721.907214	-890425568.097741	-1097236312.782635	28376768067.109009	-638490896.824787	-20598477.957970	-1377398.631827	-684632.893952	-3520803.474991	-112340.881371	-187246.923300	-95156.008711	-260866.505429	-199703226.370992	7351481.774522	-566472186.668072	-9774116.649173	-12221902.372423
789233.902714	-51749.741629	-100044.998725	-210458.355461	-52983.204815	-322883.764476	32294259.018228	112923359.005178	-4019075954.635506	124162167.272695	-3503282.439975	-87560423.599801	-499690726.979992	-638490896.824787	18185322288.676769	-249861451.125213	-602824.084539	-409950.787626	-6155500.331266	-99249.484778	-171612.924046	-63474.039893	-204122.703155	-685247745.369134	91150191.875053	-1174840586.190634	-6259986.074474	-1344041.140125
447334.081370	-351375.261127	-1402636.125421	-1967218.646682	-635994.417720	-3670039.591058	-1072509123.079476	-10066680.584214	-76894677.200514	-2144395.778892	-8495169.718635	-957254508.533940	-57739613.733316	-20598477.957970	-249861451.125213	23502968956.142075	-3686684.425110	-4475659.714783	-451460251.008409	-516665.146781	-489136.279228	-237627.205073	-1463280.121492	-5548348.128852	-870651.131112	11464489.877253	-251298.099755	-623952.690128
727598.781915	-284109.094756	-367814.299327	-328799.099230	-120361.090881	-4446486.042424	-1419682.199123	-487761.375100	-515950.711685	-392777.387625	-7701070.851157	-11920390.199842	-21490636.116184	-1377398.631827	-602824.084539	-3686684.425110	21312108407.139992	-3666633716.194909	-152825399.433596	-4382057.656643	-13793280.932093	-11996053.241837	-19111909.700299	-200644.808732	-86792.344616	-197351.526807	-43358.030641	-52995.982233
-10931.400898	-553764.289144	-1177807.640400	-648041.265197	-182165.329430	-24911638.804255	-2242154.654705	-357190.844664	-413979.827169	-513504.058509	-5012162.471706	-8091082.461980	-3871859.623490	-684632.893952	-409950.787626	-4475659.714783	-3666633716.194909	19269976097.577404	-419258765.866763	4276958.225552	-5707194.107904	-6098027.573846	-976649400.483057	-152681.800799	-42368.234490	-72946.470576	-25643.473798	-36914.413479
6983581.852334	-1436206.238934	-4391835.966961	-2714467.748154	-636772.756971	-56305295.667089	-128289992.605732	-7353922.199240	-6793356.031146	-4668579.203467	-78649893.613149	-100236422.139168	-61315280.809938	-3520803.474991	-6155500.331266	-451460251.008409	-152825399.433596	-419258765.866763	27183202833.309753	-5566797.428203	-6320219.554682	-2512968.635050	-34732412.226066	-890200.563275	-206342.515050	-338891.638341	-110994.760888	-168282.235630
-9876628.569610	-19818119.830720	-4926909.003569	-3324287.543231	-619922.054851	-479372967.042369	-928512.979601	-143536.639037	-197957.282601	-610472.649037	-10603815.655064	-295071.936687	-509489.297637	-112340.881371	-99249.484778	-516665.146781	-4382057.656643	4276958.225552	-5566797.428203	26224588602.726379	-130112146.206239	-467148245.749092	-991462238.194423	-38591.937462	-18032.041053	-34597.384386	-10374.074196	-12723.963668
621139.929986	-2162713.841612	-857976.955472	-1348455.168079	-323623.697061	-17086949.249502	-718768.431132	388078.832644	-253443.266512	-408406.128275	-45786048.247481	-380859.855301	-1431611.263201	-187246.923300	-171612.924046	-489136.279228	-13793280.932093	-5707194.107904	-6320219.554682	-130112146.206239	21400472016.803524	-3805304110.903706	-39281656.441927	-49282.971369	-35773.375443	-82246.841793	-16554.863598	-17203.646494
-631471.055714	-966386.435067	-467857.680375	-551617.650459	-158717.698192	-6289963.079481	-288355.087532	-98457.914700	-90949.260780	-176934.095700	-1217187.652797	-220354.109617	-514579.330466	-95156.008711	-63474.039893	-237627.205073	-11996053.241837	-6098027.573846	-2512968.635050	-467148245.749092	-3805304110.903706	20814415729.706284	-154530661.212422	-25643.864891	-15851.064571	-30760.917050	-8304.828330	-9116.249763
-1324353.401095	-2251885.975890	-2256006.508878	-1252118.004323	-314606.225683	-254261718.661903	-1726592.575723	-241276.369711	-301899.980060	-572722.943525	-9173518.562306	-1046124.935756	-1345570.489943	-260866.505429	-204122.703155	-1463280.121492	-19111909.700299	-976649400.483057	-34732412.226066	-991462238.194423	-39281656.441927	-154530661.212422	25110439326.403103	-71760.832597	-27510.962555	-53895.533135	-16004.437093	-20932.059223
14930.204337	-34891.635748	-74796.272442	-195384.198962	-172778.276127	-117011.101859	-2457496.511770	-1574692.689036	33098358.124299	-2736907.581642	-523836.769396	-6335544.838603	7621201.353201	-199703226.370992	-685247745.369134	-5548348.128852	-200644.808732	-152681.800799	-890200.563275	-38591.937462	-49282.971369	-25643.864891	-71760.832597	25236522647.292702	-21507732.527538	-17208411.474334	8029054.680227	-767732146.764225
34361.116836	-13649.369310	-19197.403653	-52297.087068	-56678.049999	-36519.748655	-229670.915211	-675276.738480	-14118277.106810	-269567.589349	-328596.188849	-514916.370415	-1187113.482778	7351481.774522	91150191.875053	-870651.131112	-86792.344616	-42368.234490	-206342.515050	-18032.041053	-35773.375443	-15851.064571	-27510.962555	-21507732.527538	19953816171.920444	-3318264588.594074	-689395060.662500	11466029.454540
168295.292526	-24483.550773	-33281.996911	-88860.933921	-85320.624935	-71521.528226	-1049164.340087	-6785846.702975	215782071.753912	-4693349.287147	-1121994.690525	18643386.373203	-24985830.346064	-566472186.668072	-1174840586.190634	11464489.877253	-197351.526807	-72946.470576	-338891.638341	-34597.384386	-82246.841793	-30760.917050	-53895.533135	-17208411.474334	-3318264588.594074	16052988372.079220	12863566.272811	-14347336.360218
8325.043964	-8703.009885	-13493.708150	-38120.004657	-45585.340976	-22406.662408	-155227.210378	-339578.502185	-1852678.808925	-300616.104689	-146001.639773	-190814.368456	-1039719.808092	-9774116.649173	-6259986.074474	-251298.099755	-43358.030641	-25643.473798	-110994.760888	-10374.074196	-16554.863598	-8304.828330	-16004.437093	8029054.680227	-689395060.662500	12863566.272811	20169102577.789227	-3730587465.932824
5607.484304	-11439.741102	-20720.204495	-58640.911260	-66800.253007	-31551.916327	-298527.030666	-348761.690560	-4658504.612950	-485998.620959	-157926.855492	-579766.629227	-1064953.794134	-12221902.372423	-1344041.140125	-623952.690128	-52995.982233	-36914.413479	-168282.235630	-12723.963668	-17203.646494	-9116.249763	-20932.059223	-767732146.764225	11466029.454540	-14347336.360218	-3730587465.932824	20208414027.793991
