-679021.437076	0.067573	0.078815	0.121127	0.139056	0.038813	0.025769	0.038082	182.530346	0.020700	0.022565	0.027285	0.046670	0.009835	0.006845	0.009786	0.013052	0.008218	0.007632	0.009695	0.004728	0.002849	0.003166	0.003437	0.002304	0.002972	0.001276	0.001343	0.001659	23.827833	0.002247	0.002305	0.002967	413.291511	0.001720	0.000768	0.000801	0.001210	2058.760553	0.001495	0.000960	124.266304	0.000620	0.000611	0.000915	0.000922	0.000736	0.000605	0.000361	0.000312	0.000562	0.000414	0.000366	0.000391	0.000263	0.000184	0.000289	0.000308	145.140991	0.000235	0.000239	0.000276	0.000553	0.000490	0.000582	170.035250	0.000519	0.000514	0.000619	0.000875	0.001434	0.001640	0.001153	0.001058	0.001359	0.001336	0.002961	0.003034	0.002944	0.003412	0.003339	0.004106	0.005262	0.007640	0.007998	0.006611	0.008816	0.012047	0.020697	0.012223	0.012122	0.009636	0.008756	0.022169	264.712427	0.030310	0.018610	0.021667	0.013637	14.778130	0.038746	11.325498	0.061259	0.045932	0.026584	0.032412	26.920098	0.021208	0.065380	0.257293	0.090978	0.038724	0.038715	0.024430	0.183560	0.107983	0.216258	0.093310	0.097194	0.051651	0.762006	0.231444	0.191324	0.195020	0.101011	0.689924	1.707661	0.375249	0.207247	0.399295
0.067573	-592399.842700	823.706362	5.292505	27.430685	96.820508	96.316424	949.843105	0.032221	13.832677	2.984050	9.293954	3.947185	3.004765	0.858408	3.461920	0.718093	0.246578	0.082852	0.056255	0.136206	0.025076	0.017409	0.018468	0.025195	0.047558	0.009479	0.007264	0.010822	0.047395	0.006339	0.007706	0.011295	0.023035	0.009727	0.002858	0.002477	0.003597	0.039112	0.003876	0.003150	0.019042	0.001554	0.001408	0.001796	0.001767	0.001904	0.001592	0.000804	0.000709	0.001024	0.001289	0.000991	0.001179	0.000596	0.001237	0.001831	0.002158	0.171967	0.001931	0.001886	0.002345	0.003349	0.003978	0.004730	0.402713	0.004565	0.003853	0.005560	0.003901	0.006557	0.006286	0.009278	0.007360	0.007569	0.007520	0.008793	0.016410	0.010924	0.009308	0.009065	0.006354	0.011884	0.026397	0.014786	0.010120	0.011860	0.017408	0.021129	0.008878	0.009320	0.006529	0.014888	0.047804	0.128635	0.027525	0.015526	0.021936	0.012121	0.180567	0.251981	0.537176	0.083011	0.083343	0.097046	0.048623	0.164847	0.206271	0.676050	13.872494	0.147159	0.088395	0.125468	0.088316	3.532662	0.271563	0.157305	0.319784	0.862161	0.381892	1.492830	0.438488	0.243294	0.189698	0.421640	64.108160	2.608457	6.496044	62.146869	5.661431
0.078815	823.706362	-674872.895183	85.445540	154.727329	400.721095	1593.532757	159.407557	0.047637	93.311043	41.755735	203.860629	51.020924	25.803732	6.119965	13.332686	4.242983	0.906928	0.325330	0.240182	0.448811	0.072654	0.048256	0.055387	0.073788	0.148703	0.025393	0.019103	0.026885	0.075698	0.016607	0.020721	0.030901	0.033740	0.025260	0.006943	0.006040	0.008468	0.054176	0.009173	0.007381	0.025500	0.003464	0.003104	0.003951	0.003672	0.003884	0.003328	0.001627	0.001398	0.002039	0.002370	0.001891	0.002273	0.001064	0.001863	0.002996	0.003624	0.166704	0.003220	0.003154	0.003592	0.006032	0.007151	0.008980	0.427871	0.008515	0.007271	0.009321	0.007034	0.013560	0.014404	0.018947	0.015095	0.016170	0.013846	0.021423	0.040619	0.027666	0.024094	0.020006	0.015852	0.033609	0.079136	0.045574	0.029747	0.031501	0.054880	0.067035	0.026042	0.028014	0.016996	0.044464	0.178795	0.211613	0.093003	0.048796	0.071074	0.033919	0.294604	1.115349	0.676664	0.301995	0.267644	0.309169	0.138973	0.219018	0.452443	1.424438	51.366728	0.368086	0.179486	0.212778	0.159160	3.573796	0.372610	0.254059	0.289114	0.581090	0.324170	0.662519	0.307476	0.132929	0.091739	0.180354	35.127915	4.874789	9.389766	46.184651	3.550848
0.121127	5.292505	85.445540	-728894.848660	7.974133	3.495077	6.438853	1.818611	0.117794	28.678357	125.941660	17.994337	12.937394	5.276638	4.489820	3.534538	18.682344	3.491591	1.843076	1.072464	0.940631	0.280486	0.186284	0.191398	0.171836	0.259247	0.062434	0.050849	0.072017	0.253626	0.051314	0.053948	0.058690	0.069103	0.055235	0.015458	0.013572	0.021165	0.090920	0.017013	0.014272	0.042583	0.006513	0.005534	0.007996	0.005552	0.005350	0.005288	0.002478	0.001973	0.003150	0.002687	0.002490	0.003105	0.001284	0.001526	0.002612	0.003428	0.147789	0.002705	0.002562	0.002752	0.005210	0.006092	0.008609	0.467930	0.006662	0.005776	0.006494	0.005844	0.012960	0.018951	0.015148	0.011582	0.013504	0.010087	0.028814	0.039706	0.030146	0.031553	0.020795	0.029600	0.072282	0.120480	0.100311	0.074723	0.058844	0.233577	0.226507	0.097279	0.127955	0.056558	0.258925	1.869305	0.464186	0.598434	0.358132	0.691633	0.209104	0.388795	47.218756	0.571633	6.199152	6.236171	6.586511	1.801254	0.221234	3.195479	13.061389	464.522039	5.709208	1.593848	1.310538	0.922207	7.537751	1.640187	1.535158	0.605520	0.768734	0.577811	0.461601	0.439803	0.128447	0.071656	0.129943	5.389123	2.792770	1.765984	2.653939	0.602922
0.139056	27.430685	154.727329	7.974133	-675506.987530	2071.991027	120.865670	60.247067	0.069746	2.187314	2.950835	44.861372	236.437847	3.024098	0.940875	1.139449	0.579585	0.172008	0.118898	0.192640	0.119139	0.026863	0.022752	0.032384	0.035390	0.074190	0.013486	0.011321	0.013177	0.086333	0.012578	0.017657	0.035937	0.062510	0.017486	0.005401	0.005197	0.006410	0.120220	0.010595	0.006893	0.051606	0.003535	0.003463	0.004141	0.005129	0.005075	0.003682	0.001943	0.001739	0.002604	0.003076	0.002262	0.002482	0.001409	0.001812	0.003100	0.003220	0.453939	0.002991	0.003187	0.003395	0.007571	0.007365	0.008364	0.910238	0.009899	0.009502	0.011258	0.011845	0.022512	0.019693	0.026634	0.025904	0.030877	0.026194	0.038197	0.080682	0.064292	0.053820	0.048011	0.027226	0.050440	0.165592	0.090901	0.049710	0.068339	0.062941	0.119325	0.039127	0.035299	0.023017	0.032301	0.118985	0.460459	0.107350	0.044105	0.052226	0.027381	1.156126	0.292476	2.791602	0.167066	0.099913	0.087530	0.060824	0.948090	0.085801	0.226825	4.161487	0.119028	0.050335	0.052297	0.042003	0.544220	0.097231	0.092039	0.076548	0.132411	0.073335	0.335553	0.105574	0.059498	0.050035	0.070966	44.503127	52.956918	362.991517	737.177991	47.889301
0.038813	96.820508	400.721095	3.495077	2071.991027	-275874.239875	7873.834681	1888.730025	0.019935	3.923029	3.172927	101.857647	99.041341	6.383645	1.227395	2.509911	0.569479	0.161956	0.083310	0.098026	0.120877	0.019245	0.015430	0.021026	0.027795	0.065108	0.009389	0.007416	0.009685	0.026494	0.007274	0.010374	0.020640	0.015477	0.012221	0.003219	0.002916	0.003964	0.027803	0.005988	0.004189	0.014410	0.001979	0.001875	0.002317	0.002773	0.003006	0.002211	0.001067	0.000958	0.001444	0.001985	0.001397	0.001611	0.000840	0.001541	0.002551	0.002758	0.107798	0.002474	0.002557	0.003067	0.005755	0.006168	0.007055	0.205110	0.007845	0.006927	0.009805	0.007867	0.014296	0.012074	0.020144	0.017048	0.018326	0.017689	0.019551	0.045550	0.029036	0.022547	0.022823	0.011936	0.023211	0.073000	0.032175	0.018708	0.025580	0.026058	0.038905	0.012788	0.012019	0.008937	0.015592	0.052576	0.098611	0.037173	0.016162	0.020123	0.011833	0.154579	0.155192	0.401724	0.066464	0.042828	0.043329	0.029211	0.168800	0.060965	0.144650	2.081149	0.056574	0.025614	0.028224	0.026566	0.340028	0.053908	0.044231	0.043144	0.080586	0.051760	0.175435	0.059219	0.032668	0.024816	0.048023	11.146553	3.501495	13.466894	82.780122	7.856914
0.025769	96.316424	1593.532757	6.438853	120.865670	7873.834681	-283278.675344	780.825140	0.015146	21.771481	14.245617	1359.105267	127.742168	60.568288	5.860669	15.005637	1.784638	0.408692	0.167151	0.155527	0.302736	0.036386	0.026216	0.034748	0.053079	0.133535	0.016416	0.012110	0.016590	0.021858	0.010399	0.014739	0.027281	0.010923	0.019348	0.004689	0.004062	0.005629	0.018035	0.007480	0.005692	0.009929	0.002538	0.002320	0.002876	0.003102	0.003503	0.002742	0.001267	0.001118	0.001645	0.002292	0.001659	0.001993	0.000935	0.001981	0.003270	0.003789	0.057793	0.003397	0.003397	0.004083	0.007037	0.008329	0.010021	0.115745	0.010321	0.008612	0.012291	0.008366	0.015948	0.014656	0.025045	0.019312	0.019759	0.018289	0.021382	0.050223	0.029378	0.022786	0.021562	0.012659	0.027011	0.079113	0.033789	0.020434	0.024964	0.031648	0.040297	0.013570	0.013462	0.009657	0.021321	0.074187	0.064697	0.042783	0.019600	0.025716	0.014796	0.081108	0.267057	0.186730	0.088215	0.059984	0.067611	0.040791	0.085632	0.105040	0.225101	2.730759	0.075705	0.035484	0.038935	0.039244	0.417217	0.067370	0.051408	0.049888	0.090939	0.066402	0.137061	0.059759	0.029820	0.020604	0.045595	4.396381	1.279456	2.872315	11.785690	1.740181
0.038082	949.843105	159.407557	1.818611	60.247067	1888.730025	780.825140	-633076.947824	0.018534	5.841348	2.149197	21.998767	9.636217	5.541423	1.112688	4.085966	0.519519	0.175259	0.070728	0.062366	0.131456	0.020813	0.015175	0.018502	0.027717	0.061035	0.010081	0.007600	0.010384	0.024361	0.006496	0.008804	0.015622	0.014659	0.011402	0.003293	0.002894	0.003821	0.025406	0.005074	0.003923	0.013425	0.001935	0.001811	0.002134	0.002452	0.002756	0.002115	0.001086	0.000991	0.001361	0.001992	0.001411	0.001633	0.000871	0.002043	0.003068	0.003366	0.106469	0.003294	0.003358	0.004076	0.006116	0.007102	0.007869	0.190948	0.008988	0.007690	0.011344	0.007526	0.012219	0.009932	0.019087	0.015947	0.015803	0.016204	0.014259	0.032464	0.020474	0.015742	0.016509	0.008624	0.015875	0.043010	0.020161	0.012723	0.016420	0.017715	0.023563	0.009131	0.008895	0.006641	0.012548	0.037102	0.075155	0.024241	0.012393	0.015877	0.009578	0.115477	0.126151	0.310059	0.049168	0.039479	0.043982	0.026586	0.126908	0.078263	0.181315	1.930202	0.057023	0.032139	0.039747	0.034502	0.521351	0.074628	0.051971	0.074859	0.157327	0.094117	0.319552	0.102554	0.064953	0.053988	0.108612	10.601963	1.645396	5.602005	41.017862	6.525935
182.530346	0.032221	0.047637	0.117794	0.069746	0.019935	0.015146	0.018534	-543755.712772	0.016091	0.020456	0.019854	0.033872	0.007506	0.005791	0.007608	0.013210	0.008905	0.009656	0.012620	0.004912	0.003571	0.004319	0.004595	0.002634	0.003146	0.001517	0.001693	0.002075	2368.613733	0.003251	0.003098	0.003562	3825.709445	0.002097	0.000964	0.001026	0.001654	118.662845	0.001863	0.001188	89.080220	0.000773	0.000749	0.001222	0.001080	0.000817	0.000713	0.000415	0.000345	0.000669	0.000419	0.000397	0.000432	0.000274	0.000161	0.000262	0.000290	3.077151	0.000207	0.000207	0.000238	0.000499	0.000442	0.000551	6.457149	0.000447	0.000440	0.000517	0.000764	0.001337	0.001754	0.001011	0.000890	0.001173	0.001105	0.003156	0.002809	0.002764	0.003470	0.003136	0.005211	0.006761	0.008228	0.009998	0.009088	0.010968	0.020407	0.032899	0.022226	0.023755	0.018141	0.016023	0.040361	178.591640	0.061872	0.041757	0.048639	0.030331	2.619262	0.057820	1.389865	0.133989	0.089435	0.042832	0.068023	2.913251	0.026009	0.073192	0.197064	0.166405	0.058482	0.048514	0.033777	0.129564	0.119424	0.341863	0.071341	0.059487	0.041392	0.222015	0.134793	0.079786	0.059948	0.043611	0.216362	0.520243	0.118686	0.072451	0.101714
0.020700	13.832677	93.311043	28.678357	2.187314	3.923029	21.771481	5.841348	0.016091	-598932.586571	658.401187	41.512948	4.557573	130.881528	76.307455	1039.793366	104.975778	14.239249	1.296130	0.318146	4.449832	0.318112	0.143722	0.128805	0.256307	0.506278	0.073409	0.045921	0.083798	0.028714	0.027255	0.031234	0.034789	0.009984	0.052229	0.011906	0.009077	0.014481	0.013590	0.010249	0.010444	0.007936	0.004343	0.003538	0.004699	0.003361	0.003893	0.003914	0.001736	0.001433	0.002013	0.002403	0.002058	0.002739	0.001025	0.002499	0.003862	0.005598	0.030146	0.004674	0.004157	0.005025	0.006476	0.009513	0.013577	0.068876	0.009897	0.007468	0.010234	0.005621	0.011201	0.014266	0.018434	0.011975	0.011667	0.009980	0.016137	0.028453	0.016538	0.014581	0.011654	0.011507	0.027610	0.049878	0.027386	0.020613	0.018151	0.048809	0.038968	0.017068	0.020723	0.012888	0.060661	0.220904	0.046926	0.067335	0.043517	0.072314	0.036946	0.040797	2.537247	0.075603	0.305021	0.345069	0.624465	0.209324	0.036262	1.899852	2.915971	11.204504	0.445931	0.276925	0.326016	0.369333	2.137134	0.388379	0.213657	0.231569	0.379145	0.411945	0.180099	0.169854	0.062578	0.034682	0.097199	1.124147	0.289210	0.333747	0.839225	0.216518
0.022565	2.984050	41.755735	125.941660	2.950835	3.172927	14.245617	2.149197	0.020456	658.401187	-558821.781798	175.686351	19.887534	353.231707	1135.616339	147.439665	2679.030716	39.504908	8.308510	2.196420	13.387662	0.884308	0.411644	0.465045	0.825415	1.842933	0.199090	0.125088	0.194441	0.037074	0.077777	0.094778	0.108072	0.012841	0.145978	0.029401	0.022814	0.034641	0.016927	0.025688	0.025289	0.009961	0.009742	0.007848	0.010534	0.007078	0.007950	0.008157	0.003434	0.002735	0.003992	0.004257	0.003801	0.005090	0.001757	0.003180	0.005536	0.008020	0.030321	0.006471	0.005866	0.006378	0.010730	0.015004	0.022850	0.068779	0.016235	0.012660	0.015003	0.009672	0.022746	0.033817	0.035063	0.022836	0.023757	0.017346	0.041078	0.070555	0.041708	0.038403	0.025636	0.030431	0.087597	0.161535	0.090864	0.066093	0.050364	0.178309	0.132403	0.052197	0.065602	0.035087	0.202173	1.012313	0.063930	0.246764	0.142060	0.238588	0.105820	0.053054	10.306406	0.083566	1.032661	0.779133	1.263148	0.479215	0.045042	1.491666	1.876287	7.287224	0.622834	0.272975	0.237482	0.309567	0.867094	0.249706	0.192871	0.112934	0.150244	0.166106	0.092126	0.085770	0.031350	0.017816	0.041110	0.737393	0.359377	0.346117	0.641473	0.182983
0.027285	9.293954	203.860629	17.994337	44.861372	101.857647	1359.105267	21.998767	0.019854	41.512948	175.686351	-586128.330184	2219.609967	1811.602105	108.140610	45.942994	11.281872	1.676951	0.849388	0.958345	1.416876	0.138130	0.093248	0.142475	0.236870	0.703540	0.065978	0.045998	0.056344	0.029676	0.035811	0.054284	0.105472	0.014658	0.072632	0.016660	0.014337	0.017750	0.022082	0.023856	0.018742	0.012363	0.007927	0.007133	0.008330	0.008382	0.009545	0.007812	0.003579	0.003079	0.004294	0.005669	0.004308	0.005239	0.002228	0.004174	0.007457	0.008985	0.050544	0.008423	0.008438	0.008789	0.017647	0.021649	0.027806	0.100328	0.028721	0.024108	0.028519	0.019765	0.044432	0.046320	0.073628	0.056686	0.059002	0.043564	0.068719	0.172692	0.100777	0.077993	0.058531	0.038989	0.098659	0.312003	0.129467	0.074504	0.076959	0.114554	0.137677	0.044561	0.045157	0.027977	0.071866	0.281747	0.078503	0.144532	0.063729	0.082600	0.043662	0.092752	0.861894	0.162553	0.258886	0.151974	0.174798	0.103332	0.086093	0.198349	0.337703	2.748824	0.143315	0.063578	0.061072	0.066758	0.368775	0.084806	0.071049	0.052312	0.080445	0.067519	0.090822	0.052994	0.024725	0.016746	0.033488	1.694041	0.984319	1.488072	3.188245	0.741541
0.046670	3.947185	51.020924	12.937394	236.437847	99.041341	127.742168	9.636217	0.033872	4.557573	19.887534	2219.609967	-672637.602297	27.727733	8.944129	3.968153	2.767242	0.591106	0.533078	1.327240	0.506444	0.085155	0.070583	0.124940	0.151081	0.404290	0.048605	0.038538	0.040216	0.046537	0.039236	0.063446	0.155183	0.027658	0.065470	0.017162	0.016297	0.018324	0.043779	0.033537	0.021807	0.023176	0.009951	0.009570	0.010865	0.012958	0.013499	0.009949	0.004837	0.004214	0.006129	0.007416	0.005521	0.006257	0.003023	0.003836	0.007309	0.007928	0.094505	0.007467	0.007956	0.007665	0.020429	0.020827	0.025357	0.178321	0.030042	0.028385	0.029393	0.029407	0.070504	0.068970	0.093356	0.086648	0.104224	0.069238	0.136572	0.355502	0.253184	0.198480	0.136770	0.080954	0.196811	0.852593	0.360528	0.172849	0.203214	0.207415	0.363001	0.098324	0.088833	0.052773	0.089072	0.369190	0.162671	0.285710	0.101745	0.116024	0.059936	0.231963	0.655173	0.364638	0.324361	0.148580	0.139115	0.101413	0.207843	0.113270	0.210485	1.944859	0.128197	0.050369	0.045240	0.046458	0.252077	0.065931	0.065450	0.040229	0.058629	0.045006	0.086899	0.044572	0.022066	0.016037	0.026850	2.235242	2.870582	4.146626	5.608616	1.553425
0.009835	3.004765	25.803732	5.276638	3.024098	6.383645	60.568288	5.541423	0.007506	130.881528	353.231707	1811.602105	27.727733	-276952.597335	6624.778726	1552.132151	32.076262	3.948673	1.076094	0.591464	4.243691	0.185113	0.105585	0.146125	0.356041	1.268571	0.080083	0.048680	0.071210	0.011897	0.029426	0.043658	0.071866	0.004949	0.077252	0.014329	0.011141	0.015661	0.007084	0.016445	0.015100	0.004521	0.005718	0.004820	0.005933	0.005173	0.006445	0.005756	0.002367	0.001998	0.002798	0.004028	0.003103	0.004098	0.001484	0.003957	0.006847	0.009377	0.015775	0.008208	0.007613	0.008844	0.013893	0.020475	0.028739	0.030660	0.023870	0.017573	0.024256	0.012179	0.026988	0.031009	0.053054	0.032619	0.030515	0.024838	0.035520	0.084514	0.040573	0.031389	0.025538	0.018964	0.050594	0.127860	0.048521	0.031732	0.030888	0.058377	0.052029	0.017988	0.019468	0.013543	0.047610	0.162964	0.024581	0.062302	0.030652	0.042355	0.025319	0.021579	0.601542	0.039166	0.132719	0.084944	0.116376	0.067436	0.023715	0.191173	0.243488	1.067086	0.085020	0.040563	0.039344	0.054443	0.201422	0.051815	0.039930	0.029644	0.044126	0.047676	0.040619	0.028374	0.012486	0.007488	0.019032	0.391122	0.180698	0.226113	0.494530	0.155543
0.006845	0.858408	6.119965	4.489820	0.940875	1.227395	5.860669	1.112688	0.005791	76.307455	1135.616339	108.140610	8.944129	6624.778726	-197184.581165	738.578315	286.081615	17.137258	3.647787	1.143333	23.195682	0.474990	0.230905	0.317769	0.975145	3.935645	0.173721	0.095164	0.149452	0.009700	0.048455	0.070406	0.097877	0.003569	0.143396	0.022256	0.016238	0.024580	0.004860	0.020855	0.021231	0.003302	0.007285	0.005803	0.007549	0.005548	0.007021	0.006910	0.002612	0.002115	0.003057	0.004086	0.003366	0.004710	0.001475	0.003780	0.006779	0.010278	0.009583	0.008157	0.007190	0.008392	0.013117	0.020709	0.032712	0.018899	0.021881	0.015405	0.020832	0.010259	0.024692	0.034609	0.047620	0.026091	0.024621	0.019232	0.035617	0.074239	0.033987	0.027970	0.021197	0.020028	0.059914	0.126559	0.049373	0.034846	0.029921	0.078021	0.055850	0.019610	0.022665	0.015541	0.074902	0.263020	0.017431	0.076663	0.039317	0.057140	0.034586	0.012706	1.010442	0.021846	0.178579	0.107751	0.161218	0.094369	0.014541	0.256416	0.252693	0.723706	0.096101	0.043784	0.038906	0.064572	0.145153	0.046374	0.037334	0.022661	0.030504	0.039015	0.024798	0.020306	0.008271	0.004568	0.012419	0.174491	0.091578	0.093229	0.176513	0.065529
0.009786	3.461920	13.332686	3.534538	1.139449	2.509911	15.005637	4.085966	0.007608	1039.793366	147.439665	45.942994	3.968153	1552.132151	738.578315	-601719.600085	64.425072	12.267767	1.278116	0.345672	11.463860	0.343045	0.152425	0.159693	0.488675	1.387572	0.117387	0.064531	0.114326	0.012380	0.030955	0.040412	0.051175	0.005006	0.083988	0.016824	0.012240	0.018034	0.006826	0.013986	0.015080	0.004351	0.005891	0.004772	0.005839	0.004452	0.005685	0.005612	0.002409	0.002028	0.002637	0.003796	0.003079	0.004198	0.001472	0.005049	0.007793	0.011752	0.014771	0.010572	0.009227	0.011194	0.012863	0.021573	0.031105	0.028755	0.022971	0.016020	0.023234	0.009685	0.019350	0.023085	0.039812	0.023529	0.020804	0.017920	0.023009	0.048031	0.024083	0.019360	0.016089	0.013279	0.033019	0.065568	0.029106	0.021294	0.019322	0.042525	0.032984	0.013825	0.015896	0.010942	0.046512	0.137764	0.021234	0.045845	0.027768	0.041138	0.024908	0.018656	0.724123	0.033176	0.127430	0.110165	0.180488	0.086395	0.019087	0.455239	0.474517	1.246877	0.121582	0.074079	0.079241	0.111634	0.348490	0.092887	0.060059	0.057767	0.087347	0.104771	0.057633	0.048506	0.021445	0.012807	0.034535	0.336272	0.121177	0.150161	0.341902	0.115099
0.013052	0.718093	4.242983	18.682344	0.579585	0.569479	1.784638	0.519519	0.013210	104.975778	2679.030716	11.281872	2.767242	32.076262	286.081615	64.425072	-604620.431759	2987.732321	63.567015	2.926256	197.835584	5.492742	1.553976	1.318573	3.198108	5.558256	0.644142	0.341644	0.676175	0.024897	0.149192	0.160756	0.129509	0.007898	0.316643	0.055327	0.038427	0.066095	0.009662	0.032054	0.038600	0.006247	0.013641	0.010133	0.014314	0.007552	0.008807	0.010444	0.004133	0.003165	0.004545	0.004590	0.004456	0.006414	0.001890	0.003695	0.006371	0.010484	0.015176	0.007867	0.006691	0.007342	0.010945	0.017107	0.029085	0.032680	0.016585	0.012211	0.014459	0.008344	0.019996	0.035316	0.031744	0.018549	0.018667	0.013566	0.035706	0.053459	0.030114	0.028948	0.018842	0.027714	0.084821	0.118227	0.069907	0.058342	0.038804	0.196033	0.103648	0.046941	0.065025	0.035441	0.340371	1.466017	0.033737	0.230764	0.162748	0.300115	0.144742	0.023608	17.933048	0.034842	1.149306	0.955734	2.062919	0.753907	0.021423	2.935986	1.823273	2.315666	0.664104	0.325553	0.255987	0.473015	0.484897	0.214454	0.166104	0.084544	0.098024	0.142745	0.049312	0.057629	0.020582	0.011050	0.027216	0.222568	0.117800	0.101462	0.169049	0.063224
0.008218	0.246578	0.906928	3.491591	0.172008	0.161956	0.408692	0.175259	0.008905	14.239249	39.504908	1.676951	0.591106	3.948673	17.137258	12.267767	2987.732321	-694595.338981	153.693717	1.675630	1436.869162	43.124064	5.175222	2.368729	7.516212	6.884832	1.588737	0.714712	2.236798	0.017126	0.213075	0.189905	0.106714	0.005152	0.476989	0.080278	0.049676	0.102063	0.005962	0.030766	0.045202	0.004146	0.015391	0.010618	0.015922	0.006741	0.008077	0.010968	0.004201	0.003123	0.004411	0.004229	0.004442	0.006812	0.001789	0.003793	0.006288	0.011627	0.008630	0.008062	0.006448	0.007302	0.009298	0.015834	0.029174	0.017776	0.013668	0.009663	0.011694	0.006223	0.014449	0.028456	0.022860	0.012494	0.012248	0.009207	0.024645	0.032333	0.018019	0.017933	0.011964	0.020314	0.060482	0.066485	0.041862	0.039396	0.024713	0.150465	0.063487	0.033465	0.049471	0.028919	0.399074	1.211591	0.019164	0.156794	0.136400	0.266338	0.150882	0.012054	12.645822	0.017181	0.850742	0.835057	2.237491	0.891742	0.011466	4.749565	1.450673	0.840390	0.583118	0.343618	0.255390	0.676594	0.283394	0.179736	0.138049	0.066074	0.068670	0.125806	0.030205	0.041914	0.015014	0.007766	0.020031	0.089374	0.048510	0.039629	0.062401	0.027675
0.007632	0.082852	0.325330	1.843076	0.118898	0.083310	0.167151	0.070728	0.009656	1.296130	8.308510	0.849388	0.533078	1.076094	3.647787	1.278116	63.567015	153.693717	-637541.203264	32.831221	99.131748	395.790895	108.736797	89.060399	61.282923	24.246218	13.425496	7.344345	12.866653	0.018282	2.133048	1.672847	0.539394	0.005661	3.515312	0.460269	0.278479	0.606140	0.006234	0.125123	0.202015	0.004609	0.057841	0.036619	0.061217	0.018458	0.020730	0.032681	0.011192	0.007582	0.011674	0.008354	0.010069	0.016027	0.003531	0.004302	0.008340	0.015299	0.007326	0.009627	0.007915	0.007835	0.014383	0.022035	0.044985	0.014344	0.018951	0.014257	0.014258	0.009990	0.028214	0.080038	0.036889	0.020004	0.021623	0.013818	0.068725	0.069686	0.040759	0.046273	0.024699	0.068834	0.274294	0.206985	0.154377	0.168406	0.075520	1.073540	0.255314	0.139741	0.240454	0.120038	4.430279	13.767549	0.020418	0.809558	0.732722	1.388020	0.845235	0.011612	15.025938	0.014430	2.533002	1.067262	1.835588	1.735969	0.011355	0.975550	0.414673	0.325450	0.423535	0.173288	0.101141	0.263417	0.096546	0.075822	0.082290	0.025849	0.024725	0.040350	0.014851	0.018584	0.007064	0.003837	0.008448	0.048976	0.039938	0.028325	0.036609	0.018927
0.009695	0.056255	0.240182	1.072464	0.192640	0.098026	0.155527	0.062366	0.012620	0.318146	2.196420	0.958345	1.327240	0.591464	1.143333	0.345672	2.926256	1.675630	32.831221	-525468.857762	2.057300	1.694971	3.097030	25.126439	4.997133	6.931881	1.779160	2.066224	0.951858	0.020862	3.949264	8.336467	8.177314	0.008285	3.649951	0.687322	0.695922	0.713697	0.009408	0.762349	0.614665	0.007121	0.181104	0.136218	0.202479	0.082388	0.077597	0.099436	0.033963	0.022370	0.039374	0.021903	0.026037	0.036201	0.008887	0.004933	0.011705	0.016901	0.009863	0.011165	0.010546	0.008765	0.031127	0.034478	0.064745	0.017637	0.036061	0.032409	0.024639	0.029874	0.118134	0.463726	0.107831	0.068136	0.092145	0.043336	0.626956	0.483341	0.335668	0.473140	0.151925	0.778173	6.803493	3.985818	3.778325	4.035914	0.966856	29.363650	5.009112	1.670323	2.436504	0.942097	8.714996	33.613378	0.031757	8.213070	2.676776	2.327163	1.660298	0.018814	2.029600	0.020736	1.957687	0.342399	0.304935	0.495585	0.019696	0.118522	0.097967	0.165705	0.138097	0.045026	0.027426	0.050758	0.040601	0.027179	0.035871	0.010614	0.010738	0.013816	0.010044	0.009441	0.004045	0.002423	0.004578	0.048084	0.063311	0.041190	0.043423	0.025930
0.004728	0.136206	0.448811	0.940631	0.119139	0.120877	0.302736	0.131456	0.004912	4.449832	13.387662	1.416876	0.506444	4.243691	23.195682	11.463860	197.835584	1436.869162	99.131748	2.057300	-684534.984427	41.443240	5.990955	4.411927	67.084863	97.753469	6.135629	1.755991	5.425307	0.008587	0.302871	0.336318	0.202748	0.003026	1.410490	0.166700	0.091526	0.168803	0.003578	0.052308	0.089087	0.002615	0.026410	0.017583	0.024012	0.010247	0.013791	0.019398	0.006899	0.005139	0.006667	0.007526	0.007784	0.012657	0.002858	0.007940	0.013693	0.028387	0.005295	0.019756	0.015029	0.016502	0.019590	0.039359	0.081304	0.009875	0.032553	0.021073	0.025477	0.010839	0.026418	0.054618	0.050093	0.023952	0.021795	0.015908	0.039078	0.056374	0.027280	0.025489	0.017123	0.026230	0.083385	0.094885	0.048693	0.045050	0.028643	0.138721	0.057617	0.028663	0.039040	0.026074	0.277854	0.609627	0.010718	0.106142	0.080745	0.128487	0.091982	0.007097	1.796820	0.010088	0.283049	0.200042	0.383703	0.246479	0.007394	0.658669	0.283750	0.248432	0.142545	0.081504	0.063526	0.152739	0.089124	0.052958	0.043804	0.023000	0.025138	0.042225	0.014420	0.016915	0.006968	0.003867	0.009626	0.047001	0.028679	0.025056	0.038593	0.018906
0.002849	0.025076	0.072654	0.280486	0.026863	0.019245	0.036386	0.020813	0.003571	0.318112	0.884308	0.138130	0.085155	0.185113	0.474990	0.343045	5.492742	43.124064	395.790895	1.694971	41.443240	-353618.124771	1745.164294	42.929246	57.282277	6.949001	30.642039	12.241117	143.800923	0.006821	1.342825	0.713252	0.156250	0.001948	2.596376	0.355014	0.167961	0.600944	0.002101	0.053490	0.115868	0.001732	0.032446	0.018449	0.035066	0.008285	0.009949	0.018339	0.005860	0.003878	0.006029	0.004389	0.005651	0.009973	0.001903	0.002910	0.005237	0.011264	0.002557	0.005992	0.004491	0.005090	0.007050	0.012077	0.026787	0.004804	0.008539	0.005960	0.006951	0.004167	0.010523	0.030250	0.014038	0.006783	0.006930	0.005207	0.020814	0.019389	0.010483	0.011782	0.007628	0.020644	0.067596	0.044803	0.031104	0.037194	0.019394	0.213108	0.050904	0.031555	0.053306	0.036232	1.281053	1.588612	0.006516	0.146474	0.159226	0.297342	0.276588	0.003174	2.201115	0.004221	0.481238	0.290216	0.570112	0.650406	0.003606	0.592330	0.169205	0.086730	0.158601	0.080463	0.048097	0.177066	0.037019	0.035085	0.036513	0.011730	0.010595	0.021649	0.006135	0.008463	0.003221	0.001620	0.004142	0.014417	0.010453	0.007244	0.009711	0.005724
0.003166	0.017409	0.048256	0.186284	0.022752	0.015430	0.026216	0.015175	0.004319	0.143722	0.411644	0.093248	0.070583	0.105585	0.230905	0.152425	1.553976	5.175222	108.736797	3.097030	5.990955	1745.164294	-630410.793606	665.663096	47.185425	4.873350	105.857435	143.278288	963.584253	0.007995	12.312682	3.500386	0.366145	0.002465	10.159333	1.822402	0.784931	4.122683	0.002548	0.143917	0.384170	0.002147	0.102351	0.052261	0.113073	0.017889	0.020374	0.045197	0.014012	0.008619	0.013722	0.007719	0.011462	0.020912	0.003562	0.003704	0.007066	0.015016	0.002720	0.007747	0.005935	0.006055	0.009904	0.015781	0.036070	0.004887	0.011186	0.008251	0.008393	0.005941	0.015859	0.055863	0.018585	0.009379	0.010028	0.006930	0.036797	0.028211	0.016591	0.020163	0.011764	0.043344	0.149586	0.072641	0.059424	0.081665	0.035727	0.581960	0.099437	0.072725	0.133412	0.091529	5.951348	3.395405	0.007383	0.306766	0.386318	0.642078	0.825882	0.003672	1.409392	0.004439	0.622429	0.283176	0.429176	0.769174	0.004006	0.290399	0.103192	0.059436	0.134046	0.063925	0.036287	0.119648	0.025894	0.026876	0.031614	0.009323	0.008190	0.015278	0.005159	0.006941	0.002819	0.001516	0.003371	0.011952	0.010177	0.006910	0.008472	0.005313
0.003437	0.018468	0.055387	0.191398	0.032384	0.021026	0.034748	0.018502	0.004595	0.128805	0.465045	0.142475	0.124940	0.146125	0.317769	0.159693	1.318573	2.368729	89.060399	25.126439	4.411927	42.929246	665.663096	-658201.937236	162.875718	18.659521	374.666852	1737.362798	123.221485	0.007898	145.412752	66.781690	2.762864	0.002814	185.004304	14.806136	6.023677	19.130093	0.002987	0.737659	2.324993	0.002512	0.431533	0.204325	0.417488	0.055922	0.064667	0.156329	0.042128	0.024363	0.038913	0.019811	0.031125	0.057949	0.008372	0.006375	0.014105	0.028633	0.003147	0.014959	0.011965	0.010630	0.024049	0.036146	0.088718	0.005415	0.027029	0.020645	0.017844	0.014431	0.046428	0.223543	0.051104	0.025085	0.028047	0.016654	0.134719	0.091531	0.052288	0.066721	0.032716	0.155432	0.740825	0.276289	0.216956	0.319504	0.111859	2.315539	0.293498	0.194826	0.335690	0.236412	10.705878	5.388482	0.008632	0.680050	0.622869	0.744964	1.062093	0.004598	0.841556	0.005371	0.544481	0.172514	0.208049	0.385413	0.005114	0.119624	0.060137	0.051834	0.079420	0.033941	0.020312	0.052362	0.019481	0.017135	0.020950	0.006522	0.006093	0.009823	0.004585	0.005300	0.002291	0.001310	0.002709	0.013219	0.013055	0.008990	0.010490	0.006750
0.002304	0.025195	0.073788	0.171836	0.035390	0.027795	0.053079	0.027717	0.002634	0.256307	0.825415	0.236870	0.151081	0.356041	0.975145	0.488675	3.198108	7.516212	61.282923	4.997133	67.084863	57.282277	47.185425	162.875718	-488494.434822	2029.780335	3458.131225	94.914370	139.692705	0.004401	2.837199	3.805465	1.025849	0.001627	79.713501	2.415550	0.871806	1.696950	0.001850	0.239424	0.707973	0.001520	0.134817	0.072592	0.104605	0.027102	0.039860	0.077893	0.021433	0.014157	0.018439	0.017365	0.022074	0.042670	0.006125	0.011453	0.024062	0.059186	0.002376	0.032107	0.023234	0.022183	0.035112	0.073199	0.205673	0.004060	0.050760	0.032433	0.032826	0.015992	0.047376	0.165907	0.079286	0.032128	0.030373	0.019838	0.082441	0.087153	0.038977	0.040131	0.024120	0.056409	0.222309	0.158043	0.079079	0.087969	0.045596	0.301353	0.081185	0.042757	0.059316	0.047022	0.624609	0.704969	0.005340	0.131810	0.098281	0.127443	0.135952	0.003091	0.441693	0.004064	0.161365	0.073616	0.106283	0.126822	0.003639	0.108909	0.052769	0.048952	0.044899	0.022092	0.015276	0.039163	0.018810	0.013653	0.014076	0.005721	0.005802	0.009672	0.004294	0.004721	0.002075	0.001170	0.002725	0.013105	0.010692	0.008300	0.010934	0.006680
0.002972	0.047558	0.148703	0.259247	0.074190	0.065108	0.133535	0.061035	0.003146	0.506278	1.842933	0.703540	0.404290	1.268571	3.935645	1.387572	5.558256	6.884832	24.246218	6.931881	97.753469	6.949001	4.873350	18.659521	2029.780335	-618287.008594	40.666748	9.378636	7.967725	0.004996	1.037109	2.175304	1.650187	0.002070	22.938559	1.078990	0.522036	0.628528	0.002461	0.276153	0.588845	0.001928	0.122572	0.076751	0.087805	0.036326	0.057651	0.088252	0.026022	0.018669	0.022027	0.027935	0.029918	0.053385	0.008713	0.021155	0.046984	0.106614	0.003404	0.070775	0.053561	0.046633	0.081088	0.184403	0.507395	0.005702	0.149350	0.090642	0.087090	0.035261	0.111216	0.326125	0.244293	0.092813	0.081469	0.049010	0.163489	0.239044	0.092895	0.084005	0.050049	0.081586	0.329991	0.346417	0.131872	0.123481	0.072034	0.285440	0.106210	0.047948	0.058780	0.046106	0.335435	0.510635	0.007014	0.130775	0.080429	0.097110	0.091008	0.004656	0.380223	0.006225	0.136660	0.062772	0.086298	0.088871	0.005375	0.092235	0.054817	0.067825	0.040799	0.020191	0.015045	0.032431	0.023628	0.014403	0.014179	0.006677	0.007281	0.010841	0.005786	0.005715	0.002634	0.001571	0.003507	0.021526	0.017645	0.015083	0.020424	0.011908
0.001276	0.009479	0.025393	0.062434	0.013486	0.009389	0.016416	0.010081	0.001517	0.073409	0.199090	0.065978	0.048605	0.080083	0.173721	0.117387	0.644142	1.588737	13.425496	1.779160	6.135629	30.642039	105.857435	374.666852	3458.131225	40.666748	-262158.732912	6681.020855	2424.290111	0.002565	6.317640	5.924585	0.713514	0.000884	322.521357	6.649823	1.563844	5.246857	0.000984	0.232833	1.005920	0.000880	0.165780	0.075605	0.132777	0.022515	0.032870	0.081402	0.019718	0.012030	0.017001	0.013135	0.019335	0.041564	0.004880	0.007249	0.015442	0.040778	0.001223	0.018016	0.012589	0.012764	0.020262	0.040075	0.119473	0.002053	0.024003	0.015566	0.016473	0.009009	0.026204	0.109514	0.036930	0.014487	0.014203	0.010035	0.048373	0.040409	0.018368	0.020424	0.013047	0.038629	0.144814	0.077403	0.042083	0.053631	0.027258	0.216553	0.047784	0.027397	0.039637	0.036791	0.589179	0.427378	0.002873	0.082174	0.066472	0.083189	0.114507	0.001417	0.192135	0.001893	0.090078	0.038056	0.051888	0.079589	0.001865	0.052733	0.024516	0.020418	0.023939	0.011320	0.007492	0.021825	0.008594	0.006940	0.007677	0.002745	0.002659	0.004834	0.002115	0.002366	0.001026	0.000548	0.001367	0.005652	0.004756	0.003382	0.004331	0.002936
0.001343	0.007264	0.019103	0.050849	0.011321	0.007416	0.012110	0.007600	0.001693	0.045921	0.125088	0.045998	0.038538	0.048680	0.095164	0.064531	0.341644	0.714712	7.344345	2.066224	1.755991	12.241117	143.278288	1737.362798	94.914370	9.378636	6681.020855	-324256.854882	839.537051	0.002843	52.516852	27.966823	1.158702	0.000997	1228.046462	45.643973	7.144799	45.282517	0.001078	0.468694	2.722614	0.000983	0.400764	0.157670	0.333334	0.035721	0.048445	0.146556	0.033564	0.018812	0.028488	0.016332	0.027769	0.061374	0.006573	0.006285	0.013924	0.034250	0.001232	0.014585	0.010622	0.010232	0.019279	0.033284	0.095536	0.002037	0.020213	0.014127	0.013732	0.009288	0.027966	0.140328	0.032957	0.013800	0.014393	0.009770	0.061698	0.041864	0.020804	0.025146	0.015035	0.059766	0.230578	0.092006	0.058280	0.084244	0.037721	0.398505	0.069520	0.044820	0.068079	0.066283	1.298715	0.614644	0.003064	0.124615	0.108493	0.125339	0.209910	0.001484	0.172451	0.001880	0.106809	0.040433	0.050352	0.092639	0.001921	0.042364	0.020595	0.017034	0.023739	0.010879	0.006914	0.019734	0.007285	0.006337	0.007495	0.002480	0.002334	0.004137	0.001903	0.002147	0.000945	0.000516	0.001206	0.004915	0.004499	0.003090	0.003752	0.002639
0.001659	0.010822	0.026885	0.072017	0.013177	0.009685	0.016590	0.010384	0.002075	0.083798	0.194441	0.056344	0.040216	0.071210	0.149452	0.114326	0.676175	2.236798	12.866653	0.951858	5.425307	143.800923	963.584253	123.221485	139.692705	7.967725	2424.290111	839.537051	-565598.536759	0.003597	5.697556	2.626249	0.311148	0.001223	28.093846	3.366433	0.952568	5.326212	0.001304	0.137914	0.525159	0.001136	0.119586	0.055925	0.109164	0.016978	0.022707	0.056565	0.015979	0.009869	0.013976	0.009638	0.014645	0.030154	0.004118	0.006058	0.011429	0.029451	0.001515	0.013580	0.009524	0.010012	0.013456	0.025488	0.067138	0.002575	0.015670	0.010588	0.011400	0.006456	0.016644	0.059663	0.022239	0.009879	0.009770	0.007133	0.030393	0.024841	0.012942	0.014666	0.009496	0.028574	0.091288	0.048320	0.031892	0.041728	0.021202	0.188677	0.041911	0.028330	0.044113	0.038093	0.839141	0.521957	0.003571	0.088044	0.089672	0.125056	0.173408	0.001851	0.298314	0.002348	0.133014	0.068360	0.101307	0.154174	0.002182	0.105660	0.040953	0.026518	0.041945	0.022421	0.014508	0.045183	0.012618	0.011824	0.012838	0.004646	0.004291	0.008058	0.002908	0.003666	0.001596	0.000874	0.002031	0.006610	0.005365	0.003882	0.004926	0.003240
23.827833	0.047395	0.075698	0.253626	0.086333	0.026494	0.021858	0.024361	2368.613733	0.028714	0.037074	0.029676	0.046537	0.011897	0.009700	0.012380	0.024897	0.017126	0.018282	0.020862	0.008587	0.006821	0.007995	0.007898	0.004401	0.004996	0.002565	0.002843	0.003597	-669988.122292	0.005304	0.004740	0.004870	43.170683	0.003258	0.001494	0.001555	0.002597	12.293519	0.002489	0.001698	6.470333	0.001075	0.001008	0.001679	0.001303	0.001002	0.000934	0.000531	0.000432	0.000823	0.000502	0.000493	0.000553	0.000323	0.000202	0.000327	0.000378	1.323245	0.000270	0.000266	0.000301	0.000606	0.000563	0.000724	4.262416	0.000564	0.000545	0.000628	0.000862	0.001560	0.002186	0.001236	0.001060	0.001371	0.001238	0.003748	0.003330	0.003210	0.004039	0.003391	0.006259	0.008832	0.010038	0.012603	0.011877	0.012563	0.031978	0.044069	0.031700	0.037936	0.025349	0.030819	0.084564	54.303545	0.108828	0.085848	0.114389	0.062024	1.638512	0.150105	1.026503	0.384571	0.307760	0.130509	0.207965	1.214626	0.067355	0.210104	0.463752	0.657515	0.207944	0.160026	0.098074	0.321816	0.396126	1.566034	0.193043	0.138607	0.099664	0.356964	0.317369	0.147430	0.095064	0.073574	0.287733	0.529778	0.128433	0.087488	0.096412
0.002247	0.006339	0.016607	0.051314	0.012578	0.007274	0.010399	0.006496	0.003251	0.027255	0.077777	0.035811	0.039236	0.029426	0.048455	0.030955	0.149192	0.213075	2.133048	3.949264	0.302871	1.342825	12.312682	145.412752	2.837199	1.037109	6.317640	52.516852	5.697556	0.005304	-597355.449690	1316.554112	3.888551	0.002009	44.231609	95.723783	104.558731	1024.388426	0.002040	2.749869	11.222439	0.001908	2.485423	0.863757	3.583827	0.129049	0.121813	0.449983	0.108951	0.051448	0.105344	0.026239	0.055741	0.107820	0.013285	0.004416	0.010408	0.019257	0.001902	0.008955	0.007476	0.006422	0.018325	0.022216	0.051958	0.003047	0.015763	0.013318	0.010709	0.012273	0.040233	0.269745	0.031296	0.016364	0.020144	0.012133	0.153805	0.064275	0.041999	0.063785	0.030853	0.290095	1.231322	0.221184	0.229828	0.487088	0.143663	4.196921	0.336177	0.307306	0.540540	0.611818	14.964042	2.111805	0.005502	0.652444	0.629832	0.511150	1.534391	0.002639	0.180064	0.002913	0.226131	0.061563	0.059392	0.155816	0.003206	0.032144	0.018965	0.017280	0.030731	0.012751	0.007567	0.018627	0.007230	0.006938	0.009509	0.002722	0.002464	0.003894	0.002159	0.002396	0.001098	0.000641	0.001257	0.005599	0.006364	0.004074	0.004365	0.003258
0.002305	0.007706	0.020721	0.053948	0.017657	0.010374	0.014739	0.008804	0.003098	0.031234	0.094778	0.054284	0.063446	0.043658	0.070406	0.040412	0.160756	0.189905	1.672847	8.336467	0.336318	0.713252	3.500386	66.781690	3.805465	2.175304	5.924585	27.966823	2.626249	0.004740	1316.554112	-645050.623398	60.418851	0.002044	186.265440	375.459515	1470.593067	168.682938	0.002172	26.479696	152.044997	0.001989	13.120851	4.232238	10.838323	0.434279	0.456105	1.860473	0.351437	0.156269	0.295073	0.074874	0.165612	0.326560	0.032205	0.008566	0.023329	0.041024	0.002137	0.019653	0.017124	0.012856	0.050537	0.057722	0.143772	0.003301	0.043083	0.037697	0.025608	0.032679	0.132650	1.433610	0.096228	0.047987	0.061063	0.031500	0.625605	0.220136	0.133625	0.208017	0.086285	0.954941	6.045096	0.775855	0.643906	1.361961	0.366544	5.370341	0.571543	0.404097	0.539364	0.690300	3.842775	1.245843	0.005770	0.605429	0.386404	0.279600	0.620399	0.003061	0.128355	0.003396	0.148335	0.040446	0.038562	0.083288	0.003792	0.022737	0.015172	0.017090	0.021585	0.009020	0.005725	0.012527	0.006677	0.005590	0.007347	0.002377	0.002275	0.003330	0.002168	0.002181	0.001044	0.000636	0.001215	0.006526	0.007827	0.005273	0.005598	0.004218
0.002967	0.011295	0.030901	0.058690	0.035937	0.020640	0.027281	0.015622	0.003562	0.034789	0.108072	0.105472	0.155183	0.071866	0.097877	0.051175	0.129509	0.106714	0.539394	8.177314	0.202748	0.156250	0.366145	2.762864	1.025849	1.650187	0.713514	1.158702	0.311148	0.004870	3.888551	60.418851	-760110.740392	0.002641	8.723784	4.401046	10.301966	1.898575	0.003019	299.341004	33.507347	0.002681	8.400503	8.950722	4.677815	3.353271	3.945614	5.013678	1.170936	0.646653	1.006083	0.395162	0.627316	0.841105	0.121046	0.018487	0.064079	0.079146	0.003191	0.047740	0.050376	0.029523	0.276824	0.210178	0.440164	0.004581	0.219299	0.241488	0.106542	0.244019	1.924452	83.550806	0.859177	0.472855	0.761614	0.239495	28.384124	4.667245	2.552746	4.501539	1.083271	13.344599	222.622337	19.851635	6.282255	9.178340	3.191017	3.895304	1.451207	0.583575	0.462513	0.691122	0.579678	0.467981	0.007748	0.490807	0.184771	0.120169	0.185703	0.004873	0.072624	0.005368	0.082931	0.023251	0.020915	0.036632	0.006301	0.013365	0.011219	0.017985	0.013927	0.005834	0.004057	0.007298	0.006390	0.004410	0.005601	0.002127	0.002207	0.002805	0.002492	0.002113	0.001094	0.000720	0.001281	0.009638	0.013354	0.009685	0.009799	0.007776
