0.660042	-0.001651	-0.008734	-0.001531	-0.000336	-0.002351	-0.000202	-0.000172	-0.000215	-0.000855	-0.000061	-0.000151	-0.000012	-0.000008	-0.000003	-0.000002	-0.011483	-0.000017	-0.000006	-0.000008	-0.000003	-0.000006	-0.000002	-0.000001	-0.000001	-0.002199	-0.000001	-0.000003	-0.000008	-0.000007	-0.003797	-0.000026	-0.000012	-0.000004	-0.000024	-0.000010	-0.000002	-0.000003	-0.000003	-0.068200
-0.001651	0.695602	-0.060035	-0.011269	-0.000105	0.000514	-0.000064	-0.000068	-0.000036	-0.000037	-0.000007	-0.000009	-0.000002	-0.000002	-0.000001	-0.000001	-0.000477	-0.000004	-0.000003	-0.000005	-0.000002	-0.000006	-0.000002	-0.000001	-0.000001	-0.007279	-0.000000	-0.000002	-0.000003	-0.000004	-0.000461	-0.000031	-0.000013	-0.000010	-0.000072	-0.000034	-0.000003	-0.000005	-0.000003	-0.007936
-0.008734	-0.060035	0.630765	-0.002596	0.000959	-0.032194	-0.000032	-0.000147	-0.000172	-0.000058	-0.000007	-0.000012	-0.000002	-0.000002	-0.000001	-0.000001	-0.000486	-0.000005	-0.000002	-0.000005	-0.000002	-0.000005	-0.000001	-0.000000	-0.000001	-0.000365	-0.000000	-0.000001	-0.000002	-0.000002	-0.000143	-0.000015	-0.000005	-0.000003	-0.000014	-0.000009	-0.000001	-0.000002	-0.000001	-0.005874
-0.001531	-0.011269	-0.002596	0.758545	-0.000495	-0.001133	-0.000413	0.000072	-0.029034	-0.000102	-0.000019	-0.000018	-0.000007	-0.000006	-0.000002	-0.000002	-0.010332	-0.000023	-0.000014	-0.000032	-0.000007	-0.000049	-0.000011	-0.000002	-0.000003	-0.010846	-0.000002	-0.000010	-0.000015	-0.000018	-0.000056	-0.000482	-0.000063	-0.000024	-0.000328	-0.000227	-0.000012	-0.000030	-0.000013	-0.000473
-0.000336	-0.000105	0.000959	-0.000495	0.686112	-0.074279	-0.000021	-0.016745	-0.000237	-0.000229	-0.000011	-0.000022	-0.000006	-0.000012	-0.000002	-0.000002	-0.000455	-0.000038	-0.000007	-0.000029	-0.000009	-0.000014	-0.000003	-0.000001	-0.000002	-0.000040	-0.000001	-0.000002	-0.000004	-0.000003	-0.000021	-0.000024	-0.000004	-0.000002	-0.000006	-0.000006	-0.000001	-0.000003	-0.000002	-0.000036
-0.002351	0.000514	-0.032194	-0.001133	-0.074279	0.631254	-0.000022	-0.000283	-0.000405	-0.000120	-0.000008	-0.000017	-0.000003	-0.000004	-0.000001	-0.000001	-0.000528	-0.000011	-0.000003	-0.000009	-0.000003	-0.000006	-0.000002	-0.000001	-0.000001	-0.000100	-0.000000	-0.000001	-0.000003	-0.000002	-0.000045	-0.000016	-0.000004	-0.000002	-0.000007	-0.000006	-0.000001	-0.000002	-0.000001	-0.000141
-0.000202	-0.000064	-0.000032	-0.000413	-0.000021	-0.000022	0.916307	-0.000056	-0.000342	-0.001755	-0.000980	-0.000171	-0.000108	-0.000027	-0.000009	-0.000014	-0.005636	-0.000094	-0.000129	-0.000051	-0.000018	-0.000056	-0.000014	-0.000005	-0.000011	-0.002407	-0.000005	-0.000131	-0.000896	-0.002083	-0.002242	-0.001170	-0.003571	-0.000107	-0.001342	-0.000172	-0.000057	-0.000076	-0.000117	-0.000088
-0.000172	-0.000068	-0.000147	0.000072	-0.016745	-0.000283	-0.000056	0.667850	-0.076582	-0.000632	-0.000020	-0.000025	-0.000013	-0.000028	-0.000004	-0.000004	-0.001071	-0.000222	-0.000037	-0.000410	-0.000044	-0.000120	-0.000012	-0.000003	-0.000009	-0.000049	-0.000003	-0.000010	-0.000016	-0.000009	-0.000022	-0.000123	-0.000012	-0.000004	-0.000012	-0.000016	-0.000003	-0.000011	-0.000007	-0.000024
-0.000215	-0.000036	-0.000172	-0.029034	-0.000237	-0.000405	-0.000342	-0.076582	0.615237	-0.000630	-0.000028	-0.000022	-0.000013	-0.000016	-0.000003	-0.000003	-0.007744	-0.000132	-0.000059	-0.000358	-0.000029	-0.000313	-0.000026	-0.000005	-0.000011	-0.000233	-0.000004	-0.000026	-0.000036	-0.000029	-0.000058	-0.002108	-0.000062	-0.000016	-0.000108	-0.000141	-0.000012	-0.000044	-0.000023	-0.000042
-0.000855	-0.000037	-0.000058	-0.000102	-0.000229	-0.000120	-0.001755	-0.000632	-0.000630	0.848600	-0.004667	-0.006212	-0.000473	-0.000295	-0.000043	-0.000032	-0.029275	-0.001061	-0.000122	-0.000115	-0.000041	-0.000036	-0.000006	-0.000002	-0.000011	-0.000111	-0.000003	-0.000034	-0.000205	-0.000066	-0.000259	-0.000148	-0.000046	-0.000007	-0.000028	-0.000015	-0.000006	-0.000011	-0.000014	-0.000062
-0.000061	-0.000007	-0.000007	-0.000019	-0.000011	-0.000008	-0.000980	-0.000020	-0.000028	-0.004667	0.713338	-0.065954	-0.022196	-0.000273	-0.000102	-0.000073	-0.000244	-0.000248	-0.000089	-0.000021	-0.000016	-0.000010	-0.000003	-0.000002	-0.000008	-0.000035	-0.000002	-0.000025	-0.000507	-0.000110	-0.000102	-0.000034	-0.000040	-0.000005	-0.000013	-0.000005	-0.000004	-0.000005	-0.000010	-0.000019
-0.000151	-0.000009	-0.000012	-0.000018	-0.000022	-0.000017	-0.000171	-0.000025	-0.000022	-0.006212	-0.065954	0.764572	-0.001518	-0.000245	-0.000134	-0.000047	-0.000205	-0.000130	-0.000023	-0.000012	-0.000009	-0.000005	-0.000001	-0.000001	-0.000004	-0.000027	-0.000001	-0.000007	-0.000039	-0.000015	-0.000092	-0.000013	-0.000010	-0.000002	-0.000006	-0.000003	-0.000002	-0.000002	-0.000003	-0.000032
-0.000012	-0.000002	-0.000002	-0.000007	-0.000006	-0.000003	-0.000108	-0.000013	-0.000013	-0.000473	-0.022196	-0.001518	0.854672	-0.004352	-0.007022	-0.007616	-0.000041	-0.000713	-0.000224	-0.000028	-0.000040	-0.000010	-0.000003	-0.000002	-0.000022	-0.000008	-0.000005	-0.000036	-0.000657	-0.000053	-0.000013	-0.000019	-0.000018	-0.000002	-0.000005	-0.000003	-0.000003	-0.000004	-0.000009	-0.000004
-0.000008	-0.000002	-0.000002	-0.000006	-0.000012	-0.000004	-0.000027	-0.000028	-0.000016	-0.000295	-0.000273	-0.000245	-0.004352	0.893242	-0.009229	-0.002816	-0.000027	-0.017356	-0.000292	-0.000076	-0.000254	-0.000016	-0.000004	-0.000003	-0.000060	-0.000004	-0.000008	-0.000024	-0.000123	-0.000014	-0.000005	-0.000016	-0.000007	-0.000001	-0.000002	-0.000002	-0.000002	-0.000003	-0.000006	-0.000002
-0.000003	-0.000001	-0.000001	-0.000002	-0.000002	-0.000001	-0.000009	-0.000004	-0.000003	-0.000043	-0.000102	-0.000134	-0.007022	-0.009229	0.736607	-0.070697	-0.000006	-0.000129	-0.000041	-0.000010	-0.000022	-0.000003	-0.000001	-0.000001	-0.000013	-0.000001	-0.000003	-0.000007	-0.000034	-0.000006	-0.000002	-0.000004	-0.000003	-0.000001	-0.000001	-0.000001	-0.000001	-0.000001	-0.000002	-0.000001
-0.000002	-0.000001	-0.000001	-0.000002	-0.000002	-0.000001	-0.000014	-0.000004	-0.000003	-0.000032	-0.000073	-0.000047	-0.007616	-0.002816	-0.070697	0.749343	-0.000006	-0.000246	-0.000170	-0.000016	-0.000048	-0.000006	-0.000002	-0.000002	-0.000043	-0.000002	-0.000008	-0.000029	-0.000154	-0.000016	-0.000002	-0.000006	-0.000006	-0.000001	-0.000001	-0.000001	-0.000002	-0.000002	-0.000005	-0.000001
-0.011483	-0.000477	-0.000486	-0.010332	-0.000455	-0.000528	-0.005636	-0.001071	-0.007744	-0.029275	-0.000244	-0.000205	-0.000041	-0.000027	-0.000006	-0.000006	0.752393	-0.000119	-0.000046	-0.000067	-0.000016	-0.000043	-0.000007	-0.000002	-0.000006	-0.005819	-0.000002	-0.000024	-0.000072	-0.000054	-0.002400	-0.000411	-0.000091	-0.000016	-0.000146	-0.000059	-0.000010	-0.000019	-0.000017	-0.000293
-0.000017	-0.000004	-0.000005	-0.000023	-0.000038	-0.000011	-0.000094	-0.000222	-0.000132	-0.001061	-0.000248	-0.000130	-0.000713	-0.017356	-0.000129	-0.000246	-0.000119	0.888856	-0.004184	-0.003932	-0.006643	-0.000136	-0.000017	-0.000010	-0.000228	-0.000011	-0.000021	-0.000091	-0.000467	-0.000044	-0.000010	-0.000128	-0.000024	-0.000004	-0.000008	-0.000008	-0.000006	-0.000014	-0.000023	-0.000004
-0.000006	-0.000003	-0.000002	-0.000014	-0.000007	-0.000003	-0.000129	-0.000037	-0.000059	-0.000122	-0.000089	-0.000023	-0.000224	-0.000292	-0.000041	-0.000170	-0.000046	-0.004184	0.801658	-0.003156	-0.006741	-0.000909	-0.000116	-0.000080	-0.004966	-0.000009	-0.000223	-0.018733	-0.013187	0.000502	-0.000007	-0.000526	-0.000117	-0.000012	-0.000017	-0.000021	-0.000027	-0.000097	-0.000258	-0.000002
-0.000008	-0.000005	-0.000005	-0.000032	-0.000029	-0.000009	-0.000051	-0.000410	-0.000358	-0.000115	-0.000021	-0.000012	-0.000028	-0.000076	-0.000010	-0.000016	-0.000067	-0.003932	-0.003156	0.715400	-0.069686	-0.011373	-0.000145	-0.000057	-0.000481	-0.000010	-0.000079	-0.000164	-0.000114	-0.000040	-0.000005	-0.000743	-0.000033	-0.000007	-0.000012	-0.000022	-0.000012	-0.000064	-0.000070	-0.000003
-0.000003	-0.000002	-0.000002	-0.000007	-0.000009	-0.000003	-0.000018	-0.000044	-0.000029	-0.000041	-0.000016	-0.000009	-0.000040	-0.000254	-0.000022	-0.000048	-0.000016	-0.006643	-0.006741	-0.069686	0.706904	-0.000386	-0.000076	-0.000055	-0.010734	-0.000003	-0.000145	-0.000076	-0.000067	-0.000020	-0.000002	-0.000078	-0.000013	-0.000003	-0.000004	-0.000006	-0.000006	-0.000021	-0.000033	-0.000001
-0.000006	-0.000006	-0.000005	-0.000049	-0.000014	-0.000006	-0.000056	-0.000120	-0.000313	-0.000036	-0.000010	-0.000005	-0.000010	-0.000016	-0.000003	-0.000006	-0.000043	-0.000136	-0.000909	-0.011373	-0.000386	0.876553	-0.012057	-0.000366	-0.000428	-0.000015	-0.000179	-0.000420	-0.000088	-0.000080	-0.000006	-0.009471	-0.000112	-0.000036	-0.000038	-0.000173	-0.000039	-0.002098	-0.000659	-0.000003
-0.000002	-0.000002	-0.000001	-0.000011	-0.000003	-0.000002	-0.000014	-0.000012	-0.000026	-0.000006	-0.000003	-0.000001	-0.000003	-0.000004	-0.000001	-0.000002	-0.000007	-0.000017	-0.000116	-0.000145	-0.000076	-0.012057	0.906873	-0.012518	-0.000184	-0.000005	-0.000372	-0.000137	-0.000020	-0.000030	-0.000002	-0.000470	-0.000055	-0.000039	-0.000019	-0.000110	-0.000144	-0.003719	-0.000692	-0.000001
-0.000001	-0.000001	-0.000000	-0.000002	-0.000001	-0.000001	-0.000005	-0.000003	-0.000005	-0.000002	-0.000002	-0.000001	-0.000002	-0.000003	-0.000001	-0.000002	-0.000002	-0.000010	-0.000080	-0.000057	-0.000055	-0.000366	-0.012518	0.924773	-0.000379	-0.000001	-0.012579	-0.000089	-0.000013	-0.000015	-0.000001	-0.000049	-0.000018	-0.000010	-0.000005	-0.000014	-0.000061	-0.000179	-0.000216	-0.000000
-0.000001	-0.000001	-0.000001	-0.000003	-0.000002	-0.000001	-0.000011	-0.000009	-0.000011	-0.000011	-0.000008	-0.000004	-0.000022	-0.000060	-0.000013	-0.000043	-0.000006	-0.000228	-0.004966	-0.000481	-0.010734	-0.000428	-0.000184	-0.000379	0.905932	-0.000002	-0.012686	-0.000332	-0.000080	-0.000024	-0.000001	-0.000056	-0.000016	-0.000004	-0.000004	-0.000006	-0.000011	-0.000034	-0.000080	-0.000001
-0.002199	-0.007279	-0.000365	-0.010846	-0.000040	-0.000100	-0.002407	-0.000049	-0.000233	-0.000111	-0.000035	-0.000027	-0.000008	-0.000004	-0.000001	-0.000002	-0.005819	-0.000011	-0.000009	-0.000010	-0.000003	-0.000015	-0.000005	-0.000001	-0.000002	0.664880	-0.000001	-0.000009	-0.000016	-0.000028	-0.068570	-0.000175	-0.000130	-0.000028	-0.001121	-0.000136	-0.000013	-0.000019	-0.000012	-0.003827
-0.000001	-0.000000	-0.000000	-0.000002	-0.000001	-0.000000	-0.000005	-0.000003	-0.000004	-0.000003	-0.000002	-0.000001	-0.000005	-0.000008	-0.000003	-0.000008	-0.000002	-0.000021	-0.000223	-0.000079	-0.000145	-0.000179	-0.000372	-0.012579	-0.012686	-0.000001	0.925143	-0.000130	-0.000023	-0.000014	-0.000001	-0.000026	-0.000011	-0.000004	-0.000003	-0.000005	-0.000017	-0.000039	-0.000086	-0.000000
-0.000003	-0.000002	-0.000001	-0.000010	-0.000002	-0.000001	-0.000131	-0.000010	-0.000026	-0.000034	-0.000025	-0.000007	-0.000036	-0.000024	-0.000007	-0.000029	-0.000024	-0.000091	-0.018733	-0.000164	-0.000076	-0.000420	-0.000137	-0.000089	-0.000332	-0.000009	-0.000130	0.501445	-0.047642	-0.048178	-0.000006	-0.000880	-0.000459	-0.000039	-0.000035	-0.000044	0.000171	-0.000004	-0.010936	-0.000002
-0.000008	-0.000003	-0.000002	-0.000015	-0.000004	-0.000003	-0.000896	-0.000016	-0.000036	-0.000205	-0.000507	-0.000039	-0.000657	-0.000123	-0.000034	-0.000154	-0.000072	-0.000467	-0.013187	-0.000114	-0.000067	-0.000088	-0.000020	-0.000013	-0.000080	-0.000016	-0.000023	-0.047642	0.525457	-0.056571	-0.000016	-0.000324	0.000424	-0.000015	-0.000030	-0.000019	-0.000025	-0.000041	0.000224	-0.000004
-0.000007	-0.000004	-0.000002	-0.000018	-0.000003	-0.000002	-0.002083	-0.000009	-0.000029	-0.000066	-0.000110	-0.000015	-0.000053	-0.000014	-0.000006	-0.000016	-0.000054	-0.000044	0.000502	-0.000040	-0.000020	-0.000080	-0.000030	-0.000015	-0.000024	-0.000028	-0.000014	-0.048178	-0.056571	0.492061	-0.000022	-0.000752	-0.020785	-0.000023	-0.000061	-0.000059	-0.000208	-0.000090	-0.003246	-0.000004
-0.003797	-0.000461	-0.000143	-0.000056	-0.000021	-0.000045	-0.002242	-0.000022	-0.000058	-0.000259	-0.000102	-0.000092	-0.000013	-0.000005	-0.000002	-0.000002	-0.002400	-0.000010	-0.000007	-0.000005	-0.000002	-0.000006	-0.000002	-0.000001	-0.000001	-0.068570	-0.000001	-0.000006	-0.000016	-0.000022	0.696310	-0.000040	-0.000060	-0.000016	-0.000140	-0.000020	-0.000006	-0.000006	-0.000006	-0.012887
-0.000026	-0.000031	-0.000015	-0.000482	-0.000024	-0.000016	-0.001170	-0.000123	-0.002108	-0.000148	-0.000034	-0.000013	-0.000019	-0.000016	-0.000004	-0.000006	-0.000411	-0.000128	-0.000526	-0.000743	-0.000078	-0.009471	-0.000470	-0.000049	-0.000056	-0.000175	-0.000026	-0.000880	-0.000324	-0.000752	-0.000040	0.853822	-0.003320	-0.000330	-0.001268	-0.005522	-0.000284	-0.010034	-0.002347	-0.000013
-0.000012	-0.000013	-0.000005	-0.000063	-0.000004	-0.000004	-0.003571	-0.000012	-0.000062	-0.000046	-0.000040	-0.000010	-0.000018	-0.000007	-0.000003	-0.000006	-0.000091	-0.000024	-0.000117	-0.000033	-0.000013	-0.000112	-0.000055	-0.000018	-0.000016	-0.000130	-0.000011	-0.000459	0.000424	-0.020785	-0.000060	-0.003320	0.750599	-0.007972	-0.008409	-0.001710	-0.007638	-0.001662	-0.007814	-0.000009
-0.000004	-0.000010	-0.000003	-0.000024	-0.000002	-0.000002	-0.000107	-0.000004	-0.000016	-0.000007	-0.000005	-0.000002	-0.000002	-0.000001	-0.000001	-0.000001	-0.000016	-0.000004	-0.000012	-0.000007	-0.000003	-0.000036	-0.000039	-0.000010	-0.000004	-0.000028	-0.000004	-0.000039	-0.000015	-0.000023	-0.000016	-0.000330	-0.007972	0.542449	-0.051838	-0.049888	-0.010816	-0.001338	-0.000040	-0.000004
-0.000024	-0.000072	-0.000014	-0.000328	-0.000006	-0.000007	-0.001342	-0.000012	-0.000108	-0.000028	-0.000013	-0.000006	-0.000005	-0.000002	-0.000001	-0.000001	-0.000146	-0.000008	-0.000017	-0.000012	-0.000004	-0.000038	-0.000019	-0.000005	-0.000004	-0.001121	-0.000003	-0.000035	-0.000030	-0.000061	-0.000140	-0.001268	-0.008409	-0.051838	0.569527	-0.050094	-0.000041	-0.000161	-0.000116	-0.000025
-0.000010	-0.000034	-0.000009	-0.000227	-0.000006	-0.000006	-0.000172	-0.000016	-0.000141	-0.000015	-0.000005	-0.000003	-0.000003	-0.000002	-0.000001	-0.000001	-0.000059	-0.000008	-0.000021	-0.000022	-0.000006	-0.000173	-0.000110	-0.000014	-0.000006	-0.000136	-0.000005	-0.000044	-0.000019	-0.000059	-0.000020	-0.005522	-0.001710	-0.049888	-0.050094	0.564517	-0.001458	-0.005953	-0.000156	-0.000009
-0.000002	-0.000003	-0.000001	-0.000012	-0.000001	-0.000001	-0.000057	-0.000003	-0.000012	-0.000006	-0.000004	-0.000002	-0.000003	-0.000002	-0.000001	-0.000002	-0.000010	-0.000006	-0.000027	-0.000012	-0.000006	-0.000039	-0.000144	-0.000061	-0.000011	-0.000013	-0.000017	0.000171	-0.000025	-0.000208	-0.000006	-0.000284	-0.007638	-0.010816	-0.000041	-0.001458	0.542411	-0.048309	-0.049392	-0.000002
-0.000003	-0.000005	-0.000002	-0.000030	-0.000003	-0.000002	-0.000076	-0.000011	-0.000044	-0.000011	-0.000005	-0.000002	-0.000004	-0.000003	-0.000001	-0.000002	-0.000019	-0.000014	-0.000097	-0.000064	-0.000021	-0.002098	-0.003719	-0.000179	-0.000034	-0.000019	-0.000039	-0.000004	-0.000041	-0.000090	-0.000006	-0.010034	-0.001662	-0.001338	-0.000161	-0.005953	-0.048309	0.541775	-0.047657	-0.000002
-0.000003	-0.000003	-0.000001	-0.000013	-0.000002	-0.000001	-0.000117	-0.000007	-0.000023	-0.000014	-0.000010	-0.000003	-0.000009	-0.000006	-0.000002	-0.000005	-0.000017	-0.000023	-0.000258	-0.000070	-0.000033	-0.000659	-0.000692	-0.000216	-0.000080	-0.000012	-0.000086	-0.010936	0.000224	-0.003246	-0.000006	-0.002347	-0.007814	-0.000040	-0.000116	-0.000156	-0.049392	-0.047657	0.525029	-0.000002
-0.068200	-0.007936	-0.005874	-0.000473	-0.000036	-0.000141	-0.000088	-0.000024	-0.000042	-0.000062	-0.000019	-0.000032	-0.000004	-0.000002	-0.000001	-0.000001	-0.000293	-0.000004	-0.000002	-0.000003	-0.000001	-0.000003	-0.000001	-0.000000	-0.000001	-0.003827	-0.000000	-0.000002	-0.000004	-0.000004	-0.012887	-0.000013	-0.000009	-0.000004	-0.000025	-0.000009	-0.000002	-0.000002	-0.000002	0.664645
