1116831688951.898682	-1912666702.144928	-19374738.956266	-42314758.646609	-10271855.630163	-5656828.679326	-1280837.600060	-587976.683194	-238206.206395	-614730944.959142	-193475.999250	-1528575.378631	-505934.962779	-700813.901811	-298856.366192	-641091.008365	-258369.996407	-2456491.420227	-1493922.545765	-6837546.216561	-1240306.494869	-2456370.841049	-1773159780.518990
-1912666702.144928	1116103908882.770264	-6537603.464216	-6123955.153079	-1371225.876050	-1042981.966788	-385299.071730	-241807.726979	-93630.098250	-71285372.441064	-84087.335969	-692449.738430	-322128.453005	-621532.253885	-231108.632999	-753886.810840	-320872.972927	-2976984.948863	-1257235.021328	-11495144.384112	-1466564.085555	-1399350.401028	-609215497.043875
-19374738.956266	-6537603.464216	560556831168.834351	-110981284.165043	-10051299.802133	-47383625.917534	-9971960.523956	-1275703.536518	-515738.512944	-267900241.513880	-736438.803757	-6068304.070269	-6610297.840405	-2471870.686460	-1063312.516164	-3322533.962272	-1095605.277802	-52619942.304191	-170584862.998180	-101281047.577097	-19498662.191629	-200294073.895044	-226821069.301977
-42314758.646609	-6123955.153079	-110981284.165043	558510742825.486084	-251155414.299934	-306173143.898817	-59872937.512373	-16297672.911960	-2663656.469207	-1201578926.715521	-2257375.173448	-118071817.145725	-8463133.699079	-7299832.059387	-3151144.009108	-2803958.990613	-633150.892061	-9165450.861785	-3311768.986647	-4142846.106999	-2704583.364276	-29486768.744769	-27599052.063368
-10271855.630163	-1371225.876050	-10051299.802133	-251155414.299934	553744500241.988037	-4202633898.672369	-124812354.780809	-12701937.800421	-8134378.684294	-15881553.076067	-3801589.075163	-10449271.867626	-1427751.852084	-719882.992036	-574674.189182	-464437.124731	-170387.446705	-730131.754172	-673106.098324	-791092.045409	-569930.759207	-6577894.707504	-7479158.909012
-5656828.679326	-1042981.966788	-47383625.917534	-306173143.898817	-4202633898.672369	550072135389.137085	-1815036421.665145	-15449226.766683	-10683561.095560	-17986484.182228	-9363115.334425	-19843252.824936	-4831626.493786	-1244515.549034	-1041802.517552	-943673.942597	-337376.597943	-1759709.872890	-2369278.877634	-1745644.859974	-1538695.945158	-43978596.917021	-9093468.614538
-1280837.600060	-385299.071730	-9971960.523956	-59872937.512373	-124812354.780809	-1815036421.665145	557521321478.550659	-181017690.960920	-139439396.166373	-4240908.342086	-223475650.765505	-94863220.889025	-20615672.931979	-2546193.542571	-3406385.087346	-2160850.676007	-620026.565550	-1545628.844868	-1622150.501457	-1018814.164194	-1751050.778594	-112294631.976848	-1782821.833551
-587976.683194	-241807.726979	-1275703.536518	-16297672.911960	-12701937.800421	-15449226.766683	-181017690.960920	559837540855.604736	-423998189.692932	-1621913.417203	-162917856.113206	-796371587.002972	-15519570.296950	-6650650.435383	-16001888.521971	-3703258.185993	-695161.628253	-786165.295828	-365903.948328	-378123.048669	-740997.092194	-11168921.741598	-502912.709376
-238206.206395	-93630.098250	-515738.512944	-2663656.469207	-8134378.684294	-10683561.095560	-139439396.166373	-423998189.692932	553465290399.753052	-418966.793477	-4228178748.371277	-12278105.888211	-2681803.438249	-708979.491058	-1522174.019084	-931780.274871	-275998.790471	-207984.147034	-174328.004997	-167668.505254	-311148.543057	-4438717.756833	-237535.558566
-614730944.959142	-71285372.441064	-267900241.513880	-1201578926.715521	-15881553.076067	-17986484.182228	-4240908.342086	-1621913.417203	-418966.793477	555422521474.709106	-406523.733261	-9302709.653251	-2573455.662551	-3738522.560786	-1135374.021435	-2706911.362938	-626649.186308	-21173860.278523	-5633244.193381	-16066799.751286	-3781973.927108	-12024834.169338	-461600031.489257
-193475.999250	-84087.335969	-736438.803757	-2257375.173448	-3801589.075163	-9363115.334425	-223475650.765505	-162917856.113206	-4228178748.371277	-406523.733261	553778791936.682983	-15741070.537970	-9130045.359993	-1123722.059513	-2991759.459923	-2504201.839531	-639075.143426	-345880.361552	-335390.759121	-258839.904409	-656820.548515	-14698629.241425	-244151.778784
-1528575.378631	-692449.738430	-6068304.070269	-118071817.145725	-10449271.867626	-19843252.824936	-94863220.889025	-796371587.002972	-12278105.888211	-9302709.653251	-15741070.537970	559728563118.065308	-195081260.728160	-152572505.850771	-175648761.746093	-16608626.426351	-2177099.639941	-6898983.113005	-1542147.571232	-1513204.969650	-3337614.186255	-58047807.965195	-1510930.789520
-505934.962779	-322128.453005	-6610297.840405	-8463133.699079	-1427751.852084	-4831626.493786	-20615672.931979	-15519570.296950	-2681803.438249	-2573455.662551	-9130045.359993	-195081260.728160	556495305532.931885	-176396140.304362	-403812161.559887	-275181764.474619	-21646803.318480	-26177478.088798	-7581441.667274	-3867818.859534	-39470166.889656	-2106456631.646423	-963690.486858
-700813.901811	-621532.253885	-2471870.686460	-7299832.059387	-719882.992036	-1244515.549034	-2546193.542571	-6650650.435383	-708979.491058	-3738522.560786	-1123722.059513	-152572505.850771	-176396140.304362	552545640615.935181	-4245241737.106742	-531928877.800576	-17920223.307360	-36085054.048727	-1942880.708771	-3194030.366398	-11699097.829476	-28181186.692248	-937405.884740
-298856.366192	-231108.632999	-1063312.516164	-3151144.009108	-574674.189182	-1041802.517552	-3406385.087346	-16001888.521971	-1522174.019084	-1135374.021435	-2991759.459923	-175648761.746093	-403812161.559887	-4245241737.106742	551969800688.608765	-652911147.055259	-19258830.692225	-6117095.966092	-930832.795259	-1156178.948472	-5501318.717825	-25268433.144391	-381821.124160
-641091.008365	-753886.810840	-3322533.962272	-2803958.990613	-464437.124731	-943673.942597	-2160850.676007	-3703258.185993	-931780.274871	-2706911.362938	-2504201.839531	-16608626.426351	-275181764.474619	-531928877.800576	-652911147.055259	1119612066375.978271	-1135280391.301418	-433718468.068466	-7739576.669750	-19821764.161124	-175601228.169417	-74949611.080570	-1342109.887228
-258369.996407	-320872.972927	-1095605.277802	-633150.892061	-170387.446705	-337376.597943	-620026.565550	-695161.628253	-275998.790471	-626649.186308	-639075.143426	-2177099.639941	-21646803.318480	-17920223.307360	-19258830.692225	-1135280391.301418	1686450530407.396729	-28888942.144791	-4928289.256770	-14703463.499317	-293654483.990361	-32054929.754895	-567067.115921
-2456491.420227	-2976984.948863	-52619942.304191	-9165450.861785	-730131.754172	-1759709.872890	-1545628.844868	-786165.295828	-207984.147034	-21173860.278523	-345880.361552	-6898983.113005	-26177478.088798	-36085054.048727	-6117095.966092	-433718468.068466	-28888942.144791	558511476048.179443	-165619735.906331	-463671340.951654	-765228721.282921	-134768962.014207	-11338772.475343
-1493922.545765	-1257235.021328	-170584862.998180	-3311768.986647	-673106.098324	-2369278.877634	-1622150.501457	-365903.948328	-174328.004997	-5633244.193381	-335390.759121	-1542147.571232	-7581441.667274	-1942880.708771	-930832.795259	-7739576.669750	-4928289.256770	-165619735.906331	554403326929.547607	-1275152378.632488	-1225678389.778133	-1485914617.250077	-11424763.696838
-6837546.216561	-11495144.384112	-101281047.577097	-4142846.106999	-791092.045409	-1745644.859974	-1018814.164194	-378123.048669	-167668.505254	-16066799.751286	-258839.904409	-1513204.969650	-3867818.859534	-3194030.366398	-1156178.948472	-19821764.161124	-14703463.499317	-463671340.951654	-1275152378.632488	1681637214540.552246	-1815449784.303200	-61503662.475330	-97868857.635109
-1240306.494869	-1466564.085555	-19498662.191629	-2704583.364276	-569930.759207	-1538695.945158	-1751050.778594	-740997.092194	-311148.543057	-3781973.927108	-656820.548515	-3337614.186255	-39470166.889656	-11699097.829476	-5501318.717825	-175601228.169417	-293654483.990361	-765228721.282921	-1225678389.778133	-1815449784.303200	1678082178867.436768	-1350528346.115009	-5254243.114120
-2456370.841049	-1399350.401028	-200294073.895044	-29486768.744769	-6577894.707504	-43978596.917021	-112294631.976848	-11168921.741598	-4438717.756833	-12024834.169338	-14698629.241425	-58047807.965195	-2106456631.646423	-28181186.692248	-25268433.144391	-74949611.080570	-32054929.754895	-134768962.014207	-1485914617.250077	-61503662.475330	-1350528346.115009	1677905792266.058350	-8480007.104157
-1773159780.518990	-609215497.043875	-226821069.301977	-27599052.063368	-7479158.909012	-9093468.614538	-1782821.833551	-502912.709376	-237535.558566	-461600031.489257	-244151.778784	-1510930.789520	-963690.486858	-937405.884740	-381821.124160	-1342109.887228	-567067.115921	-11338772.475343	-11424763.696838	-97868857.635109	-5254243.114120	-8480007.104157	1118619346473.314697
