0.533847	-0.001498	-0.000430	-0.001119	-0.000067	-0.001004	-0.000054	-0.000017	-0.000013	-0.000099	-0.007165	-0.000009	-0.000013	-0.000001	-0.000002	-0.000188	-0.000010	-0.000004	-0.000008	-0.000055	-0.000020	-0.000021	-0.000035
-0.001498	0.325654	-0.010092	-0.001758	-0.000065	-0.000240	-0.000010	-0.000002	-0.000003	-0.000025	-0.000114	-0.000001	-0.000002	-0.000000	-0.000000	-0.000008	-0.000002	-0.000001	-0.000001	-0.000051	-0.000033	-0.000013	-0.000009
-0.000430	-0.010092	0.338098	-0.002194	-0.000065	-0.000503	-0.000039	-0.000004	-0.000008	-0.000053	-0.000096	-0.000002	-0.000002	-0.000000	-0.000000	-0.000011	-0.000001	-0.000001	-0.000002	-0.000044	-0.000011	-0.000004	-0.000005
-0.001119	-0.001758	-0.002194	1.490412	-0.006065	-0.000071	-0.000180	-0.000021	-0.000048	-0.000972	-0.000883	-0.000004	-0.000005	-0.000001	-0.000001	-0.000022	-0.000002	-0.000001	-0.000002	-0.000013	-0.000009	-0.000007	-0.000006
-0.000067	-0.000065	-0.000065	-0.006065	2.697512	-0.000011	-0.000046	-0.000029	-0.000062	-0.002010	-0.000397	-0.000002	-0.000004	-0.000000	-0.000000	-0.000010	-0.000001	-0.000001	-0.000001	-0.000003	-0.000002	-0.000002	-0.000002
-0.001004	-0.000240	-0.000503	-0.000071	-0.000011	0.780083	-0.000066	-0.000006	-0.000011	-0.000025	-0.000178	-0.000029	-0.000012	-0.000002	-0.000003	-0.000115	-0.000043	-0.000035	-0.000050	-0.003125	-0.000069	-0.000050	-0.000194
-0.000054	-0.000010	-0.000039	-0.000180	-0.000046	-0.000066	0.728101	-0.000591	-0.003367	-0.002526	-0.000452	-0.000066	-0.000042	-0.000003	-0.000002	-0.000335	-0.000002	-0.000002	-0.000013	-0.000005	-0.000001	-0.000001	-0.000003
-0.000017	-0.000002	-0.000004	-0.000021	-0.000029	-0.000006	-0.000591	0.428374	-0.005145	-0.004278	-0.005478	-0.000021	-0.000095	-0.000003	-0.000002	-0.000280	-0.000001	-0.000001	-0.000003	-0.000001	-0.000000	-0.000000	-0.000001
-0.000013	-0.000003	-0.000008	-0.000048	-0.000062	-0.000011	-0.003367	-0.005145	2.376469	-0.007435	-0.000273	-0.000063	-0.000178	-0.000009	-0.000005	-0.000119	-0.000002	-0.000002	-0.000009	-0.000002	-0.000001	-0.000001	-0.000002
-0.000099	-0.000025	-0.000053	-0.000972	-0.002010	-0.000025	-0.002526	-0.004278	-0.007435	2.162833	-0.005607	-0.000013	-0.000029	-0.000002	-0.000002	-0.000105	-0.000002	-0.000001	-0.000004	-0.000004	-0.000001	-0.000001	-0.000002
-0.007165	-0.000114	-0.000096	-0.000883	-0.000397	-0.000178	-0.000452	-0.005478	-0.000273	-0.005607	1.844730	-0.000061	-0.000254	-0.000008	-0.000013	-0.008129	-0.000019	-0.000007	-0.000024	-0.000019	-0.000007	-0.000009	-0.000026
-0.000009	-0.000001	-0.000002	-0.000004	-0.000002	-0.000029	-0.000066	-0.000021	-0.000063	-0.000013	-0.000061	0.591050	-0.002922	-0.001141	-0.000313	-0.000807	-0.000039	-0.000040	-0.004604	-0.000006	-0.000001	-0.000001	-0.000010
-0.000013	-0.000002	-0.000002	-0.000005	-0.000004	-0.000012	-0.000042	-0.000095	-0.000178	-0.000029	-0.000254	-0.002922	1.393493	-0.001897	-0.002039	-0.001224	-0.000031	-0.000015	-0.000158	-0.000003	-0.000001	-0.000002	-0.000009
-0.000001	-0.000000	-0.000000	-0.000001	-0.000000	-0.000002	-0.000003	-0.000003	-0.000009	-0.000002	-0.000008	-0.001141	-0.001897	0.269706	-0.008039	-0.000024	-0.000012	-0.000013	-0.000294	-0.000001	-0.000000	-0.000000	-0.000002
-0.000002	-0.000000	-0.000000	-0.000001	-0.000000	-0.000003	-0.000002	-0.000002	-0.000005	-0.000002	-0.000013	-0.000313	-0.002039	-0.008039	0.281746	-0.000038	-0.000052	-0.000028	-0.000285	-0.000001	-0.000000	-0.000001	-0.000006
-0.000188	-0.000008	-0.000011	-0.000022	-0.000010	-0.000115	-0.000335	-0.000280	-0.000119	-0.000105	-0.008129	-0.000807	-0.001224	-0.000024	-0.000038	0.552076	-0.000030	-0.000013	-0.000107	-0.000010	-0.000002	-0.000003	-0.000017
-0.000010	-0.000002	-0.000001	-0.000002	-0.000001	-0.000043	-0.000002	-0.000001	-0.000002	-0.000002	-0.000019	-0.000039	-0.000031	-0.000012	-0.000052	-0.000030	0.337447	-0.009942	-0.000584	-0.000043	-0.000007	-0.000024	-0.003236
-0.000004	-0.000001	-0.000001	-0.000001	-0.000001	-0.000035	-0.000002	-0.000001	-0.000002	-0.000001	-0.000007	-0.000040	-0.000015	-0.000013	-0.000028	-0.000013	-0.009942	0.356575	-0.002582	-0.000047	-0.000004	-0.000010	-0.000423
-0.000008	-0.000001	-0.000002	-0.000002	-0.000001	-0.000050	-0.000013	-0.000003	-0.000009	-0.000004	-0.000024	-0.004604	-0.000158	-0.000294	-0.000285	-0.000107	-0.000584	-0.002582	0.616938	-0.000018	-0.000002	-0.000003	-0.000054
-0.000055	-0.000051	-0.000044	-0.000013	-0.000003	-0.003125	-0.000005	-0.000001	-0.000002	-0.000004	-0.000019	-0.000006	-0.000003	-0.000001	-0.000001	-0.000010	-0.000043	-0.000047	-0.000018	0.746202	-0.001691	-0.000499	-0.000916
-0.000020	-0.000033	-0.000011	-0.000009	-0.000002	-0.000069	-0.000001	-0.000000	-0.000001	-0.000001	-0.000007	-0.000001	-0.000001	-0.000000	-0.000000	-0.000002	-0.000007	-0.000004	-0.000002	-0.001691	0.375943	-0.011004	-0.000164
-0.000021	-0.000013	-0.000004	-0.000007	-0.000002	-0.000050	-0.000001	-0.000000	-0.000001	-0.000001	-0.000009	-0.000001	-0.000002	-0.000000	-0.000001	-0.000003	-0.000024	-0.000010	-0.000003	-0.000499	-0.011004	0.360298	-0.002001
-0.000035	-0.000009	-0.000005	-0.000006	-0.000002	-0.000194	-0.000003	-0.000001	-0.000002	-0.000002	-0.000026	-0.000010	-0.000009	-0.000002	-0.000006	-0.000017	-0.003236	-0.000423	-0.000054	-0.000916	-0.000164	-0.002001	0.668275
