0.103329	-0.000533	-0.000173	-0.000432	-0.000031	-0.000350	-0.000035	-0.000013	-0.000008	-0.000039	-0.008946	-0.000002	-0.000003	-0.000001	-0.000001	-0.000060	-0.000001	-0.000002	-0.000003	-0.000027	-0.000004	-0.000013	-0.000033
-0.000533	0.332368	-0.010108	-0.001853	-0.000069	-0.000365	-0.000009	-0.000002	-0.000003	-0.000009	-0.000059	-0.000001	-0.000002	-0.000000	-0.000001	-0.000011	-0.000001	-0.000002	-0.000002	-0.000079	-0.000005	-0.000016	-0.000015
-0.000173	-0.010108	0.337363	-0.002115	-0.000068	-0.000857	-0.000029	-0.000003	-0.000005	-0.000012	-0.000051	-0.000004	-0.000003	-0.000000	-0.000001	-0.000022	-0.000002	-0.000005	-0.000003	-0.000038	-0.000003	-0.000005	-0.000015
-0.000432	-0.001853	-0.002115	1.542303	-0.006589	-0.000078	-0.000140	-0.000009	-0.000018	-0.000066	-0.000173	-0.000005	-0.000003	-0.000001	-0.000002	-0.000019	-0.000001	-0.000002	-0.000002	-0.000016	-0.000003	-0.000009	-0.000009
-0.000031	-0.000069	-0.000068	-0.006589	2.764495	-0.000011	-0.000041	-0.000005	-0.000014	-0.000066	-0.000046	-0.000002	-0.000001	-0.000000	-0.000001	-0.000005	-0.000000	-0.000001	-0.000001	-0.000003	-0.000001	-0.000002	-0.000002
-0.000350	-0.000365	-0.000857	-0.000078	-0.000011	0.727331	-0.000038	-0.000014	-0.000013	-0.000017	-0.000334	-0.000034	-0.000037	-0.000003	-0.000007	-0.000599	-0.000036	-0.000099	-0.000087	-0.001168	-0.000044	-0.000053	-0.002167
-0.000035	-0.000009	-0.000029	-0.000140	-0.000041	-0.000038	0.705541	-0.000614	-0.002617	-0.003440	-0.000356	-0.000058	-0.000017	-0.000006	-0.000041	-0.000273	-0.000001	-0.000002	-0.000005	-0.000003	-0.000001	-0.000001	-0.000010
-0.000013	-0.000002	-0.000003	-0.000009	-0.000005	-0.000014	-0.000614	0.395097	-0.004557	-0.003575	-0.003648	-0.000027	-0.000050	-0.000028	-0.000258	-0.000589	-0.000001	-0.000001	-0.000009	-0.000002	-0.000001	-0.000001	-0.000014
-0.000008	-0.000003	-0.000005	-0.000018	-0.000014	-0.000013	-0.002617	-0.004557	2.218233	-0.006986	-0.000216	-0.000158	-0.000090	-0.000118	-0.002776	-0.000229	-0.000002	-0.000003	-0.000012	-0.000002	-0.000001	-0.000001	-0.000011
-0.000039	-0.000009	-0.000012	-0.000066	-0.000066	-0.000017	-0.003440	-0.003575	-0.006986	1.706709	-0.010771	-0.000013	-0.000014	-0.000008	-0.000032	-0.000087	-0.000001	-0.000001	-0.000004	-0.000003	-0.000001	-0.000002	-0.000009
-0.008946	-0.000059	-0.000051	-0.000173	-0.000046	-0.000334	-0.000356	-0.003648	-0.000216	-0.010771	1.042553	-0.000023	-0.000073	-0.000013	-0.000041	-0.002436	-0.000007	-0.000007	-0.000042	-0.000038	-0.000016	-0.000030	-0.000306
-0.000002	-0.000001	-0.000004	-0.000005	-0.000002	-0.000034	-0.000058	-0.000027	-0.000158	-0.000013	-0.000023	0.441682	-0.001920	-0.000096	-0.000512	-0.000641	-0.000017	-0.000043	-0.000138	-0.000003	-0.000001	-0.000001	-0.000034
-0.000003	-0.000002	-0.000003	-0.000003	-0.000001	-0.000037	-0.000017	-0.000050	-0.000090	-0.000014	-0.000073	-0.001920	0.854250	-0.002658	-0.001218	-0.001355	-0.000116	-0.000089	-0.008117	-0.000009	-0.000007	-0.000003	-0.000242
-0.000001	-0.000000	-0.000000	-0.000001	-0.000000	-0.000003	-0.000006	-0.000028	-0.000118	-0.000008	-0.000013	-0.000096	-0.002658	0.298552	-0.007156	-0.000062	-0.000004	-0.000003	-0.000030	-0.000001	-0.000001	-0.000000	-0.000009
-0.000001	-0.000001	-0.000001	-0.000002	-0.000001	-0.000007	-0.000041	-0.000258	-0.002776	-0.000032	-0.000041	-0.000512	-0.001218	-0.007156	0.237739	-0.000409	-0.000003	-0.000003	-0.000029	-0.000001	-0.000001	-0.000001	-0.000012
-0.000060	-0.000011	-0.000022	-0.000019	-0.000005	-0.000599	-0.000273	-0.000589	-0.000229	-0.000087	-0.002436	-0.000641	-0.001355	-0.000062	-0.000409	0.638439	-0.000023	-0.000034	-0.000550	-0.000024	-0.000009	-0.000007	-0.000924
-0.000001	-0.000001	-0.000002	-0.000001	-0.000000	-0.000036	-0.000001	-0.000001	-0.000002	-0.000001	-0.000007	-0.000017	-0.000116	-0.000004	-0.000003	-0.000023	0.383404	-0.010873	-0.001569	-0.000049	-0.000043	-0.000007	-0.000382
-0.000002	-0.000002	-0.000005	-0.000002	-0.000001	-0.000099	-0.000002	-0.000001	-0.000003	-0.000001	-0.000007	-0.000043	-0.000089	-0.000003	-0.000003	-0.000034	-0.010873	0.426030	-0.000419	-0.000055	-0.000015	-0.000005	-0.000216
-0.000003	-0.000002	-0.000003	-0.000002	-0.000001	-0.000087	-0.000005	-0.000009	-0.000012	-0.000004	-0.000042	-0.000138	-0.008117	-0.000030	-0.000029	-0.000550	-0.001569	-0.000419	0.315876	-0.000027	-0.000022	-0.000007	-0.003610
-0.000027	-0.000079	-0.000038	-0.000016	-0.000003	-0.001168	-0.000003	-0.000002	-0.000002	-0.000003	-0.000038	-0.000003	-0.000009	-0.000001	-0.000001	-0.000024	-0.000049	-0.000055	-0.000027	0.717641	-0.002102	-0.002130	-0.000775
-0.000004	-0.000005	-0.000003	-0.000003	-0.000001	-0.000044	-0.000001	-0.000001	-0.000001	-0.000001	-0.000016	-0.000001	-0.000007	-0.000001	-0.000001	-0.000009	-0.000043	-0.000015	-0.000022	-0.002102	0.396678	-0.010721	-0.000356
-0.000013	-0.000016	-0.000005	-0.000009	-0.000002	-0.000053	-0.000001	-0.000001	-0.000001	-0.000002	-0.000030	-0.000001	-0.000003	-0.000000	-0.000001	-0.000007	-0.000007	-0.000005	-0.000007	-0.002130	-0.010721	0.402263	-0.000124
-0.000033	-0.000015	-0.000015	-0.000009	-0.000002	-0.002167	-0.000010	-0.000014	-0.000011	-0.000009	-0.000306	-0.000034	-0.000242	-0.000009	-0.000012	-0.000924	-0.000382	-0.000216	-0.003610	-0.000775	-0.000356	-0.000124	0.593390
