33362914249.331047	-1409247653.970249	-8011204.204693	-24887124.896219	-8272064.965775	-3123519.271842	-877580.057064	-512330.289005	-170357.255547	-560464979.520796	-129250.128490	-1256267.832865	-311577.322948	-462045.589818	-151891.695024	-489483.026741	-201494.328754	-1505967.608339	-666510.235970	-1032322.063922	-358074.945759	-945656.933610	-1327768131.683153	-62772731.122743	-88157113.152204	-13495068.247016	-6964181.783011	-8111838.619854
-1409247653.970249	33317562408.169891	-2725069.813024	-2521135.496701	-650478.286531	-413638.127467	-249767.404415	-190559.307424	-59216.112787	-28664249.576619	-52771.276689	-553772.871200	-202098.267448	-418337.553660	-108646.513843	-613289.604248	-269368.469001	-2118002.771396	-622925.149571	-5376897.794234	-431329.983567	-543117.857956	-399037274.722552	-767093860.909658	-1304173885.594791	90189450.941982	4622042.409421	-9820272.519818
-8011204.204693	-2725069.813024	32571807083.015385	-145616928.821687	-6946977.550932	-53379006.787525	-10714194.808907	-1499316.498856	-486903.527514	-344775446.024424	-742189.968006	-7879731.097376	199551.916508	-2653736.204352	-824748.370907	-3505915.572801	-1156141.102611	-70840629.741153	-210150313.936307	-83903013.067210	-4913623.637648	-165937784.094511	-241878101.950120	-21117577.405056	-1016274.381766	-1116265.713922	-18454117.904140	-2514620.616756
-24887124.896219	-2521135.496701	-145616928.821687	29743386506.842884	-273866709.262164	-316548155.632506	-63654285.503477	-19090436.797340	-2463660.869631	-1505731614.006954	-1949061.626086	-161385134.979928	-8711833.189722	-7617209.445339	-2217582.727109	-3279329.415677	-696288.500052	-11044056.141521	-2323124.978822	-2564199.297721	-1178539.466126	-22236187.431732	-13564785.282433	1748638.283146	-4605971.379410	-10339190.827413	-30698164.828355	-35116927.233846
-8272064.965775	-650478.286531	-6946977.550932	-273866709.262164	24330192251.536572	-4248691758.701437	34540356.627505	-13789972.949467	-7346569.715183	-8660935.359728	-2352502.016803	-9888099.768323	-904936.984572	-514553.868990	-371517.283496	-414159.397193	-154076.272665	-595572.253997	-337944.498403	-388360.498771	-188380.165148	-1316218.954107	-5532271.806829	-746130.522347	-832267.695991	-1127161.273606	-859721.954934	-1227619.926885
-3123519.271842	-413638.127467	-53379006.787525	-316548155.632506	-4248691758.701437	20690546012.472466	-1989052200.562270	-7547531.579069	-3578941.978799	-8023215.906084	1212724.656504	-16277153.236227	-2436625.506336	-821550.074208	-572808.883011	-776307.993664	-281765.915262	-1548226.802896	-973315.810159	-886316.421609	-105762.020800	-24419781.616454	-6382455.148869	-749538.566439	-319784.414352	-446439.890210	-1046237.185073	-806493.170679
-877580.057064	-249767.404415	-10714194.808907	-63654285.503477	34540356.627505	-1989052200.562270	28486429731.552303	-239342088.107972	-138933133.155013	-2501526.822318	-250513424.727266	-122213195.951400	-20281895.197523	-2005433.556570	-2841004.502063	-2355493.157987	-653268.299005	-1533659.138391	1492060.079879	-651950.372006	927848.253298	-86579348.826476	-1260228.713913	-451724.159821	-208078.222129	-396848.201859	-951382.146201	-949850.432425
-512330.289005	-190559.307424	-1499316.498856	-19090436.797340	-13789972.949467	-7547531.579069	-239342088.107972	31554786989.698788	-509909707.272810	-1302375.657599	-156544373.977017	-1127211134.170948	-15180359.869899	-3143616.065305	-14727226.563226	-4351010.968648	-780679.355275	-796386.557529	-87978.949145	-254649.203213	-309514.003517	-7286534.562848	-431606.592728	-298197.994442	-228415.560074	-680180.839590	-752605.047930	-1588133.147024
-170357.255547	-59216.112787	-486903.527514	-2463660.869631	-7346569.715183	-3578941.978799	-138933133.155013	-509909707.272810	24054301907.445385	-310371.941713	-4603767720.174135	-3888380.887454	-1727309.791287	-404583.250542	-1014873.977112	-775727.380861	-234410.676870	-172592.207404	-51812.634606	-86064.347671	-95665.382414	-1615297.199734	-168338.623177	-74499.116739	-57572.108714	-119919.861142	-132502.293039	-204421.976588
-560464979.520796	-28664249.576619	-344775446.024424	-1505731614.006954	-8660935.359728	-8023215.906084	-2501526.822318	-1302375.657599	-310371.941713	25889501241.215431	-310430.669861	-7669116.020762	-2175866.474674	-3423559.652120	-652530.569281	-2720911.376578	-610350.308170	-23846896.388830	-4125143.164039	-10102921.999901	-1566618.134624	-6717070.727434	-412979445.489414	-610539264.096389	-27774371.569487	-25655020.530996	-412577200.269956	-51727469.719072
-129250.128490	-52771.276689	-742189.968006	-1949061.626086	-2352502.016803	1212724.656504	-250513424.727266	-156544373.977017	-4603767720.174135	-310430.669861	24392642543.439335	-14594046.870850	-9505410.310267	-703104.320241	-2665855.330805	-2835641.947828	-670019.797104	-300491.501978	57692.173174	-147522.943612	-161806.572198	-9456005.349066	-176275.845883	-80851.806061	-42071.576819	-85229.252713	-158051.578851	-188916.015895
-1256267.832865	-553772.871200	-7879731.097376	-161385134.979928	-9888099.768323	-16277153.236227	-122213195.951400	-1127211134.170948	-3888380.887454	-7669116.020762	-14594046.870850	31397110107.679935	-251997842.709854	-166383035.665618	-193021391.606483	-16488202.873388	-2255089.355665	-8704946.254339	-154602.140068	-1052855.617566	-1322161.140278	-39531407.613780	-1293686.487698	-1414797.272975	-643516.057945	-2378475.537671	-8294339.061299	-15338411.542217
-311577.322948	-202098.267448	199551.916508	-8711833.189722	-904936.984572	-2436625.506336	-20281895.197523	-15180359.869899	-1727309.791287	-2175866.474674	-9505410.310267	-251997842.709854	27207355192.495186	-153987967.016226	-428907002.101359	-350218890.647133	-17825182.519861	-24097194.004160	52805442.992183	-1596682.414331	10858409.203596	-1628786463.940788	-556855.705819	-637062.565722	-145130.880277	-346218.474746	-2908114.472669	-1959413.250447
-462045.589818	-418337.553660	-2653736.204352	-7617209.445339	-514553.868990	-821550.074208	-2005433.556570	-3143616.065305	-404583.250542	-3423559.652120	-703104.320241	-166383035.665618	-153987967.016226	23069011877.367229	-4346833719.497372	-578396159.954537	-3778089.331513	-35907218.815625	-914996.214102	-1459305.149902	-5117402.709213	-10971857.970072	-666204.539164	-1357637.668320	-392536.390555	-1423505.063641	-17545348.383556	-23544313.242037
-151891.695024	-108646.513843	-824748.370907	-2217582.727109	-371517.283496	-572808.883011	-2841004.502063	-14727226.563226	-1014873.977112	-652530.569281	-2665855.330805	-193021391.606483	-428907002.101359	-4346833719.497372	22484676811.341320	-727881909.028491	-1295799.703900	4530070.898420	-277751.815629	-241781.974826	-311235.486605	839828.724602	-196075.817806	-235085.439918	-100055.814274	-351025.611965	-300380.381423	-1132028.699551
-489483.026741	-613289.604248	-3505915.572801	-3279329.415677	-414159.397193	-776307.993664	-2355493.157987	-4351010.968648	-775727.380861	-2720911.376578	-2835641.947828	-16488202.873388	-350218890.647133	-578396159.954537	-727881909.028491	62937681106.313889	-1609008248.161331	-592862644.615599	-1175073.749607	-7682266.871456	-132314829.735272	-45228721.615051	-1103731.556052	-2664386.578739	-371090.769942	-858018.528645	-19092757.196844	-7240496.325953
-201494.328754	-269368.469001	-1156141.102611	-696288.500052	-154076.272665	-281765.915262	-653268.299005	-780679.355275	-234410.676870	-610350.308170	-670019.797104	-2255089.355665	-17825182.519861	-3778089.331513	-1295799.703900	-1609008248.161331	95239627828.079590	-19834720.001756	2403522.775860	-3908439.044689	-244309069.402614	-18415789.465929	-482603.086166	-752635.175600	-127177.968057	-238267.279071	-1591328.809234	-861419.756816
-1505967.608339	-2118002.771396	-70840629.741153	-11044056.141521	-595572.253997	-1548226.802896	-1533659.138391	-796386.557529	-172592.207404	-23846896.388830	-300491.501978	-8704946.254339	-24097194.004160	-35907218.815625	4530070.898420	-592862644.615599	-19834720.001756	29722893000.871529	-169375055.018998	-365446148.432219	-607937298.158871	-88017994.822732	-9803367.033272	-26353664.155974	-744215.888238	-1259855.737850	-130906923.952269	-2356723.648128
-666510.235970	-622925.149571	-210150313.936307	-2323124.978822	-337944.498403	-973315.810159	1492060.079879	-87978.949145	-51812.634606	-4125143.164039	57692.173174	-154602.140068	52805442.992183	-914996.214102	-277751.815629	-1175073.749607	2403522.775860	-169375055.018998	24754575454.133026	-936295162.708068	-845041135.533253	-1067305005.101808	-7322629.073651	-2576340.916625	-140520.423371	-176575.890705	-2627656.326413	-419204.938064
-1032322.063922	-5376897.794234	-83903013.067210	-2564199.297721	-388360.498771	-886316.421609	-651950.372006	-254649.203213	-86064.347671	-10102921.999901	-147522.943612	-1052855.617566	-1596682.414331	-1459305.149902	-241781.974826	-7682266.871456	-3908439.044689	-365446148.432219	-936295162.708068	32590612609.693005	-829579883.850597	23561906.064353	-59216457.507593	-28086040.641111	-444316.222401	-587051.181783	-12188838.929540	-821393.982413
-358074.945759	-431329.983567	-4913623.637648	-1178539.466126	-188380.165148	-105762.020800	927848.253298	-309514.003517	-95665.382414	-1566618.134624	-161806.572198	-1322161.140278	10858409.203596	-5117402.709213	-311235.486605	-132314829.735272	-244309069.402614	-607937298.158871	-845041135.533253	-829579883.850597	30604625281.471085	-584683058.534555	-351497.197167	-1546764.593114	-148395.370922	-233022.490100	-2482667.767753	-736836.688620
-945656.933610	-543117.857956	-165937784.094511	-22236187.431732	-1316218.954107	-24419781.616454	-86579348.826476	-7286534.562848	-1615297.199734	-6717070.727434	-9456005.349066	-39531407.613780	-1628786463.940788	-10971857.970072	839828.724602	-45228721.615051	-18415789.465929	-88017994.822732	-1067305005.101808	23561906.064353	-584683058.534555	30052581860.147278	-3672817.014122	-1862397.228843	-244606.446824	-417652.825348	-4043690.117275	-1508873.870527
-1327768131.683153	-399037274.722552	-241878101.950120	-13564785.282433	-5532271.806829	-6382455.148869	-1260228.713913	-431606.592728	-168338.623177	-412979445.489414	-176275.845883	-1293686.487698	-556855.705819	-666204.539164	-196075.817806	-1103731.556052	-482603.086166	-9803367.033272	-7322629.073651	-59216457.507593	-351497.197167	-3672817.014122	34567499313.069374	-513872846.346981	11918933.022459	-2609940.277536	-3309258.674421	-2368387.550246
-62772731.122743	-767093860.909658	-21117577.405056	1748638.283146	-746130.522347	-749538.566439	-451724.159821	-298197.994442	-74499.116739	-610539264.096389	-80851.806061	-1414797.272975	-637062.565722	-1357637.668320	-235085.439918	-2664386.578739	-752635.175600	-26353664.155974	-2576340.916625	-28086040.641111	-1546764.593114	-1862397.228843	-513872846.346981	25525942422.824154	-38509852.984943	-26304456.476219	-1666116218.263168	74367040.435804
-88157113.152204	-1304173885.594791	-1016274.381766	-4605971.379410	-832267.695991	-319784.414352	-208078.222129	-228415.560074	-57572.108714	-27774371.569487	-42071.576819	-643516.057945	-145130.880277	-392536.390555	-100055.814274	-371090.769942	-127177.968057	-744215.888238	-140520.423371	-444316.222401	-148395.370922	-244606.446824	11918933.022459	-38509852.984943	21090527977.067238	-4293225454.739695	-18509952.489467	22243285.408278
-13495068.247016	90189450.941982	-1116265.713922	-10339190.827413	-1127161.273606	-446439.890210	-396848.201859	-680180.839590	-119919.861142	-25655020.530996	-85229.252713	-2378475.537671	-346218.474746	-1423505.063641	-351025.611965	-858018.528645	-238267.279071	-1259855.737850	-176575.890705	-587051.181783	-233022.490100	-417652.825348	-2609940.277536	-26304456.476219	-4293225454.739695	22660994606.506695	22295626.221449	-878986579.028977
-6964181.783011	4622042.409421	-18454117.904140	-30698164.828355	-859721.954934	-1046237.185073	-951382.146201	-752605.047930	-132502.293039	-412577200.269956	-158051.578851	-8294339.061299	-2908114.472669	-17545348.383556	-300380.381423	-19092757.196844	-1591328.809234	-130906923.952269	-2627656.326413	-12188838.929540	-2482667.767753	-4043690.117275	-3309258.674421	-1666116218.263168	-18509952.489467	22295626.221449	19782097351.832531	-4207542486.287308
-8111838.619854	-9820272.519818	-2514620.616756	-35116927.233846	-1227619.926885	-806493.170679	-949850.432425	-1588133.147024	-204421.976588	-51727469.719072	-188916.015895	-15338411.542217	-1959413.250447	-23544313.242037	-1132028.699551	-7240496.325953	-861419.756816	-2356723.648128	-419204.938064	-821393.982413	-736836.688620	-1508873.870527	-2368387.550246	74367040.435804	22243285.408278	-878986579.028977	-4207542486.287308	22124115878.899994
